3.1823101 45.757374
3.180079 45.758656
3.1795261 45.758408
3.1778741 45.757011
3.175112 45.757797
3.17484 45.757271
3.174614 45.756382
3.1745031 45.754883
3.1745 45.753757
3.1746399 45.753468
3.174804 45.753311
3.1747551 45.752808
3.1749899 45.752495
3.1761651 45.752304
3.1764951 45.752331
3.1765561 45.753159
3.1797681 45.753304
3.1797659 45.75285
3.1809781 45.7528
3.181649 45.752922
3.182097 45.75325
3.1830859 45.753571
3.1829109 45.754139
3.182605 45.754097
3.1826479 45.756493
3.1823101 45.757374
