2.8270259 45.534706
2.8257 45.534924
2.8244259 45.53511
2.8241811 45.536015
2.823271 45.536976
2.8226941 45.537464
2.8227129 45.538223
2.823806 45.539165
2.825417 45.539413
2.827054 45.539398
2.8296111 45.539108
2.8309729 45.538803
2.8309431 45.538605
2.8309231 45.538494
2.8309441 45.538349
2.8309779 45.538235
2.831028 45.538143
2.831074 45.538094
2.8311279 45.538052
2.8311291 45.538052
2.8311679 45.538025
2.8311429 45.537983
2.830955 45.53759
2.8304341 45.536674
2.8289189 45.536507
2.8287261 45.536434
2.8286271 45.536369
2.828568 45.536312
2.828464 45.536171
2.8283689 45.535984
2.8282249 45.535446
2.827879 45.534653
2.8270259 45.534706
