2.798811 45.614441
2.7985041 45.617111
2.7975881 45.619717
2.796087 45.622181
2.794039 45.624447
2.7914979 45.626453
2.7885301 45.628151
2.7852099 45.62949
2.7816269 45.630444
2.7778709 45.630978
2.7740409 45.631084
2.770236 45.630764
2.7665541 45.630016
2.7630911 45.628868
2.759937 45.627342
2.757174 45.625488
2.7548721 45.623344
2.7530921 45.620972
2.751879 45.618427
2.751266 45.615784
2.751267 45.613102
2.7518821 45.610455
2.7530971 45.607914
2.754878 45.605541
2.7571809 45.603397
2.759944 45.601543
2.763098 45.600018
2.7665589 45.598869
2.7702391 45.598125
2.7740419 45.597801
2.777869 45.597912
2.7816229 45.598446
2.7852049 45.599396
2.788523 45.600735
2.791491 45.602432
2.7940321 45.604439
2.7960811 45.606701
2.7975841 45.609169
2.798502 45.611771
2.798811 45.614441
