3.2548 45.527
3.2546 45.528
3.2542 45.53
3.2534 45.531
3.2524 45.532
3.2511 45.533
3.2497 45.534
3.248 45.534
3.2462 45.535
3.2443 45.535
3.2424 45.535
3.2405 45.535
3.2387 45.535
3.237 45.534
3.2354 45.533
3.234 45.532
3.2329 45.531
3.232 45.53
3.2311 45.528
3.2314 45.525
3.232 45.524
3.2329 45.522
3.234 45.521
3.2354 45.52
3.237 45.52
3.2387 45.519
3.2405 45.519
3.2424 45.519
3.2443 45.519
3.2462 45.519
3.248 45.519
3.2497 45.52
3.2511 45.521
3.2524 45.522
3.2534 45.523
3.2542 45.524
3.2546 45.526
3.2548 45.527
