3.2547901 45.526901
3.254636 45.528236
3.254179 45.529541
3.2534289 45.530773
3.2524071 45.531906
3.251138 45.532909
3.249656 45.533756
3.2479999 45.534428
3.2462111 45.534901
3.2443359 45.535172
3.242424 45.535225
3.240525 45.535061
3.238687 45.534691
3.236959 45.534115
3.235384 45.533352
3.234005 45.532425
3.2328551 45.531353
3.231967 45.530167
3.2313609 45.528896
3.2310541 45.527573
3.231055 45.526234
3.2313621 45.52491
3.2319679 45.52364
3.232857 45.522453
3.2340059 45.521381
3.2353859 45.520451
3.2369599 45.519691
3.238688 45.519115
3.240526 45.518745
3.242424 45.518581
3.2443359 45.518635
3.2462101 45.518906
3.247998 45.519379
3.249655 45.52005
3.251137 45.520897
3.2524049 45.5219
3.253428 45.523033
3.254178 45.524265
3.254636 45.525566
3.2547901 45.526901
