3.1596849 45.75993
3.1603169 45.758942
3.160774 45.758289
3.160749 45.757664
3.161088 45.757118
3.16259 45.755974
3.1636829 45.755592
3.165118 45.755394
3.1658709 45.755367
3.166492 45.755432
3.1667061 45.755405
3.167413 45.755909
3.168462 45.756699
3.169476 45.757397
3.1705489 45.758152
3.1699369 45.757988
3.168359 45.757504
3.1670289 45.757347
3.1663001 45.757324
3.1647949 45.757584
3.163913 45.757759
3.1633389 45.758343
3.162998 45.758663
3.1630559 45.75832
3.1636069 45.757759
3.164712 45.757336
3.165853 45.75721
3.1668761 45.75721
3.1674759 45.757275
3.1662619 45.756893
3.1656389 45.75676
3.1653211 45.756638
3.164675 45.756737
3.163312 45.757282
3.1622219 45.757572
3.161833 45.75779
3.1617019 45.758152
3.161516 45.758747
3.1610489 45.759853
3.16012 45.75983
3.1596849 45.75993
