3.1597 45.76
3.1603 45.759
3.1608 45.758
3.1607 45.758
3.1611 45.757
3.1626 45.756
3.1637 45.756
3.1651 45.755
3.1659 45.755
3.1665 45.755
3.1667 45.755
3.1674 45.756
3.1685 45.757
3.1695 45.757
3.1705 45.758
3.1699 45.758
3.1684 45.758
3.167 45.757
3.1663 45.757
3.1648 45.758
3.1639 45.758
3.1633 45.758
3.163 45.759
3.1631 45.758
3.1636 45.758
3.1647 45.757
3.1659 45.757
3.1669 45.757
3.1675 45.757
3.1663 45.757
3.1656 45.757
3.1653 45.757
3.1647 45.757
3.1633 45.757
3.1622 45.758
3.1618 45.758
3.1617 45.758
3.1615 45.759
3.161 45.76
3.1601 45.76
3.1597 45.76
