2.571944 44.8475
2.458889 44.927776
2.4588051 44.927719
2.4552281 44.930027
2.4513991 44.932121
2.4473441 44.93399
2.443089 44.935623
2.4386611 44.937012
2.4340899 44.938137
2.4294059 44.938999
2.424638 44.93959
2.4198179 44.939911
2.414978 44.939953
2.4101479 44.939716
2.4053619 44.939209
2.4006491 44.938427
2.39604 44.937378
2.391566 44.936069
2.3872559 44.934509
2.383137 44.932713
2.3792379 44.930683
2.375582 44.928436
2.3721941 44.925991
2.369096 44.923355
2.366308 44.920555
2.3638489 44.917606
2.361733 44.914524
2.3599761 44.911331
2.358588 44.908051
2.357578 44.904697
2.356952 44.901302
2.3567159 44.897877
2.3568699 44.894451
2.3574131 44.891048
2.3583419 44.887688
2.3596499 44.884388
2.3613291 44.881172
2.363368 44.878067
2.3657529 44.875088
2.36847 44.872253
2.3715 44.869583
2.3748231 44.867092
2.375 44.867222
2.4861109 44.790558
2.571944 44.8475
