2.25 46.276112
2.3627779 46.276112
2.3627779 46.276169
2.3686049 46.276005
2.3743949 46.275517
2.3801091 46.274712
2.38571 46.27359
2.3911619 46.27216
2.39643 46.270428
2.401479 46.26841
2.406276 46.266121
2.4107909 46.263569
2.414993 46.260773
2.4188571 46.257755
2.4223559 46.254532
2.425468 46.251122
2.4281721 46.247551
2.4304531 46.243839
2.4322939 46.240017
2.4336829 46.236103
2.434613 46.232121
2.435077 46.228104
2.435071 46.224072
2.434597 46.220055
2.4336579 46.216076
2.4322579 46.212162
2.430409 46.20834
2.4281211 46.204636
2.42541 46.201065
2.4222939 46.197662
2.418792 46.194439
2.414927 46.191425
2.4107251 46.188633
2.406213 46.186085
2.4014189 46.1838
2.3963759 46.181786
2.391115 46.180058
2.3856709 46.178631
2.3800781 46.177509
2.3743739 46.176704
2.3685949 46.176216
2.3627779 46.176056
2.3627779 46.176109
2.291667 46.176109
2.291667 46.208332
2.25 46.276112
