2 46.276112
2.25 46.276112
2.291667 46.208332
2.291667 46.099998
2 46.099998
2 46.138332
1.999947 46.138386
2.0027759 46.139843
2.0054989 46.141396
2.00811 46.14304
2.010601 46.144768
2.0129681 46.14658
2.015204 46.148468
2.0173039 46.150429
2.019264 46.152462
2.0210781 46.154556
2.0227411 46.156712
2.024251 46.15892
2.025604 46.161175
2.0267949 46.163475
2.027823 46.165813
2.0286839 46.168182
2.029377 46.170578
2.029901 46.172993
2.0302529 46.175423
2.0304329 46.177864
2.0304401 46.180305
2.0302751 46.182747
2.029937 46.185181
2.029428 46.187595
2.028749 46.189995
2.0279019 46.192368
2.0268869 46.194706
2.0257089 46.19701
2.024369 46.199268
2.0228701 46.201481
2.0212171 46.20364
2.0194139 46.205742
2.0174639 46.207775
2.015372 46.209747
2.013144 46.211639
2.0107839 46.213459
2.0082979 46.215195
2.005693 46.216843
2.0029731 46.218403
2.0001471 46.219864
2 46.219723
2 46.276112
