2 46.276
2.25 46.276
2.2917 46.208
2.2917 46.1
2 46.1
2 46.138
1.9999 46.138
2.0028 46.14
2.0055 46.141
2.0081 46.143
2.0106 46.145
2.013 46.147
2.0152 46.148
2.0173 46.15
2.0193 46.152
2.0211 46.155
2.0227 46.157
2.0243 46.159
2.0256 46.161
2.0268 46.163
2.0278 46.166
2.0287 46.168
2.0294 46.171
2.0299 46.173
2.0303 46.175
2.0304 46.178
2.0304 46.18
2.0303 46.183
2.0299 46.185
2.0294 46.188
2.0287 46.19
2.0279 46.192
2.0269 46.195
2.0257 46.197
2.0244 46.199
2.0229 46.201
2.0212 46.204
2.0194 46.206
2.0175 46.208
2.0154 46.21
2.0131 46.212
2.0108 46.213
2.0083 46.215
2.0057 46.217
2.003 46.218
2.0001 46.22
2 46.22
2 46.276
