2.602778 46.450001
2.7525001 46.5
2.8794439 46.542221
2.916667 46.333332
2.927778 46.255554
2.936389 46.177776
2.950278 46.083332
2.5888889 46.259724
2.5 46.229443
2.4275 46.204445
2.427624 46.204403
2.429095 46.206642
2.4309981 46.210094
2.432059 46.212444
2.432951 46.214828
2.433672 46.217239
2.434221 46.219673
2.4345951 46.222122
2.434793 46.224579
2.4348171 46.227039
2.434664 46.2295
2.4343359 46.231953
2.4338329 46.23439
2.433157 46.236809
2.4323089 46.239201
2.4312911 46.241558
2.430105 46.243881
2.428756 46.246159
2.42643 46.249485
2.4255559 46.250557
2.416667 46.467499
2.602778 46.450001
