2.6028 46.45
2.7525 46.5
2.8794 46.542
2.8869 46.5
2.9167 46.333
2.9278 46.256
2.9364 46.178
2.9503 46.083
2.5889 46.26
2.5 46.229
2.4275 46.204
2.4276 46.204
2.4284 46.206
2.4291 46.207
2.4298 46.208
2.4304 46.209
2.431 46.21
2.4315 46.211
2.4321 46.212
2.4325 46.214
2.433 46.215
2.4333 46.216
2.4337 46.217
2.434 46.218
2.4342 46.22
2.4344 46.221
2.4346 46.222
2.4347 46.223
2.4348 46.225
2.4348 46.226
2.4348 46.227
2.4348 46.228
2.4347 46.229
2.4345 46.231
2.4343 46.232
2.4341 46.233
2.4338 46.234
2.4335 46.236
2.4332 46.237
2.4328 46.238
2.4323 46.239
2.4318 46.24
2.4313 46.242
2.4307 46.243
2.4301 46.244
2.4295 46.245
2.4288 46.246
2.428 46.247
2.4272 46.248
2.4264 46.249
2.4256 46.251
2.4256 46.251
2.4167 46.467
2.6028 46.45
