1.2617 45.565
1.3417 45.696
1.6667 45.383
2.5 45.658
2.775 45.747
2.9689 45.956
2.9931 45.791
2.9931 45.791
2.9856 45.795
2.9814 45.797
2.9769 45.798
2.9723 45.799
2.9676 45.799
2.9629 45.799
2.9582 45.799
2.9536 45.798
2.9492 45.797
2.945 45.795
2.9412 45.793
2.9377 45.791
2.9347 45.788
2.9321 45.786
2.93 45.783
2.9285 45.779
2.9275 45.776
2.9271 45.773
2.9273 45.77
2.928 45.766
2.9293 45.763
2.9312 45.76
2.9336 45.757
2.9364 45.755
2.9397 45.752
2.9434 45.75
2.9475 45.748
2.9518 45.747
2.9563 45.746
2.9609 45.745
2.9657 45.745
2.9704 45.745
2.9751 45.746
2.9796 45.747
2.9839 45.748
2.988 45.75
2.9917 45.752
2.995 45.754
2.995 45.754
3.0211 45.223
2.6047 45.167
1.5333 45.167
1.2617 45.565
