1.261667 45.565277
1.3416671 45.695831
1.666667 45.383331
2.5 45.658333
2.7750001 45.747223
2.968889 45.955833
2.99 45.812222
2.9930561 45.791389
2.993108 45.791424
2.9895401 45.793606
2.9856181 45.795464
2.9813991 45.796974
2.9769461 45.798115
2.972327 45.79887
2.9676099 45.799225
2.962867 45.799171
2.958168 45.798717
2.953584 45.797867
2.9491839 45.796631
2.945034 45.795029
2.941195 45.793087
2.9377251 45.790833
2.9346769 45.7883
2.9320951 45.785522
2.9300189 45.782551
2.9284799 45.779423
2.9275 45.776188
2.927094 45.772892
2.927268 45.769585
2.928019 45.766319
2.9293361 45.763145
2.9311991 45.760101
2.9335811 45.757244
2.936445 45.754608
2.939748 45.752235
2.9434421 45.750164
2.9474709 45.748421
2.9517739 45.747036
2.9562869 45.746025
2.960943 45.745407
2.965672 45.745193
2.970403 45.74538
2.9750659 45.745972
2.9795921 45.746956
2.983911 45.748318
2.9879601 45.750034
2.991678 45.752087
2.9950099 45.754436
2.9949999 45.754444
2.9958329 45.737221
3.0027781 45.599724
3.0063889 45.515556
3.021111 45.223331
2.604722 45.166668
1.5333329 45.166668
1.261667 45.565277
