4.175 45.462778
4.094722 45.610833
4.094297 45.610993
4.097212 45.614659
4.100261 45.61827
4.103444 45.621824
4.106759 45.62532
4.110202 45.628754
4.113772 45.632124
4.117467 45.635428
4.121284 45.638664
4.125219 45.641829
4.129272 45.644921
4.133438 45.647939
4.137716 45.65088
4.142102 45.653742
4.146593 45.656524
4.151187 45.659223
4.155879 45.661837
4.160668 45.664365
4.165549 45.666805
4.17052 45.669155
4.175577 45.671414
4.180717 45.673581
4.185935 45.675653
4.19123 45.67763
4.196596 45.679509
4.202031 45.681291
4.20753 45.682973
4.213091 45.684554
4.218709 45.686033
4.22438 45.68741
4.2301 45.688684
4.235867 45.689852
4.241675 45.690916
4.247521 45.691873
4.2534 45.692724
4.25931 45.693468
4.265245 45.694103
4.271202 45.694631
4.277176 45.69505
4.283165 45.69536
4.289162 45.695561
4.295166 45.695653
4.301171 45.695636
4.307173 45.69551
4.313168 45.695274
4.319152 45.69493
4.325122 45.694476
4.331072 45.693915
4.337 45.693245
4.3429 45.692467
4.34877 45.691583
4.354604 45.690592
4.360399 45.689495
4.366152 45.688293
4.371857 45.686987
4.3775 45.685556
4.399167 45.52
4.175 45.462778
