4.1750002 45.462776
4.0947218 45.610832
4.0942969 45.610992
4.0972118 45.614658
4.1002612 45.618271
4.1034441 45.621822
4.1067591 45.62532
4.1102018 45.628754
4.1137719 45.632126
4.1174669 45.635429
4.121284 45.638664
4.1252189 45.64183
4.129272 45.64492
4.1334381 45.647938
4.1377158 45.650879
4.1421018 45.653744
4.1465931 45.656525
4.1511869 45.659222
4.155879 45.661839
4.1606679 45.664364
4.1655488 45.666805
4.1705198 45.669155
4.1755772 45.671413
4.180717 45.67358
4.185935 45.675652
4.1912298 45.677631
4.1965961 45.679508
4.2020311 45.68129
4.20753 45.682972
4.2130909 45.684555
4.218709 45.686031
4.22438 45.687408
4.2301002 45.688683
4.235867 45.689854
4.2416749 45.690914
4.2475209 45.691872
4.2533998 45.692722
4.2593098 45.693466
4.265245 45.694103
4.2712021 45.69463
4.2771759 45.695049
4.283165 45.695358
4.2891622 45.69556
4.295166 45.695652
4.3011708 45.695637
4.3071728 45.695511
4.313168 45.695274
4.3191519 45.694931
4.3251219 45.694477
4.3310719 45.693916
4.3369999 45.693245
4.3428998 45.692467
4.3487701 45.691582
4.3546038 45.690594
4.3603988 45.689495
4.3661518 45.688293
4.3718572 45.686989
4.377512 45.685577
4.3775001 45.685555
4.3991671 45.52
4.1750002 45.462776
