4.0444441 46.555557
4.0358329 46.501389
4.0552778 46.468613
4.082222 46.464169
4.1269441 46.443333
4.1530561 46.441944
4.1611109 46.450558
4.230278 46.447498
4.230588 46.447559
4.235476 46.432941
4.2382212 46.418056
4.2387948 46.403057
4.2371969 46.388092
4.2334418 46.373314
4.227571 46.358868
4.2196441 46.344898
4.2097411 46.331539
4.1979618 46.318932
4.1844249 46.307198
4.1692662 46.296455
4.1526361 46.286804
4.1347022 46.278351
4.1156411 46.271172
4.095643 46.265339
4.0749059 46.260914
4.053637 46.257935
4.0320449 46.256435
4.010345 46.256432
3.9887519 46.257915
3.967479 46.260883
3.946738 46.265301
3.926733 46.271122
3.9076641 46.27829
3.88972 46.286736
3.87308 46.296375
3.857909 46.30711
3.8443589 46.318836
3.832566 46.33144
3.8226471 46.344791
3.8147039 46.358757
3.8088169 46.373199
3.8050461 46.387978
3.803431 46.402939
3.8039889 46.417938
3.806716 46.432823
3.811588 46.447449
3.8185561 46.461662
3.827554 46.475327
3.8384919 46.488304
3.8512609 46.500465
3.865736 46.511684
3.8817711 46.521851
3.8992071 46.530861
3.9178679 46.538628
3.9375679 46.545071
3.9581079 46.550125
3.9792831 46.553745
4.0008788 46.555885
4.0226779 46.556526
4.0444622 46.555668
4.0444441 46.555557
