4.0444 46.556
4.0358 46.501
4.0553 46.469
4.0822 46.464
4.1269 46.443
4.1531 46.442
4.1611 46.451
4.2303 46.447
4.2306 46.448
4.2355 46.433
4.2382 46.418
4.2388 46.403
4.2372 46.388
4.2334 46.373
4.2276 46.359
4.2196 46.345
4.2097 46.332
4.198 46.319
4.1844 46.307
4.1693 46.296
4.1526 46.287
4.1347 46.278
4.1156 46.271
4.0956 46.265
4.0749 46.261
4.0536 46.258
4.032 46.256
4.0103 46.256
3.9888 46.258
3.9675 46.261
3.9467 46.265
3.9267 46.271
3.9077 46.278
3.8897 46.287
3.8731 46.296
3.8579 46.307
3.8444 46.319
3.8326 46.331
3.8226 46.345
3.8147 46.359
3.8088 46.373
3.805 46.388
3.8034 46.403
3.804 46.418
3.8067 46.433
3.8116 46.447
3.8186 46.462
3.8276 46.475
3.8385 46.488
3.8513 46.5
3.8657 46.512
3.8818 46.522
3.8992 46.531
3.9179 46.539
3.9376 46.545
3.9581 46.55
3.9793 46.554
4.0009 46.556
4.0227 46.557
4.0445 46.556
4.0444 46.556
