3.289722 46.646389
3.4397221 46.63361
3.4397449 46.633736
3.446408 46.633053
3.4530189 46.63216
3.4595621 46.631062
3.466023 46.629753
3.4723899 46.628239
3.478647 46.626526
3.484782 46.624615
3.4907811 46.622513
3.4966321 46.62022
3.502322 46.617744
3.507839 46.615093
3.513171 46.612267
3.518306 46.609276
3.5232339 46.606121
3.5279441 46.602818
3.5324271 46.599361
3.5366709 46.595772
3.540669 46.592052
3.5444119 46.588203
3.5478909 46.584244
3.5511 46.580177
3.5540321 46.576015
3.55668 46.571762
3.5590391 46.567429
3.5611041 46.563026
3.562871 46.558563
3.5643351 46.554047
3.5654941 46.549492
3.566345 46.544903
3.5668869 46.540291
3.5671189 46.535667
3.567039 46.53104
3.566649 46.526424
3.565949 46.521824
3.5649419 46.51725
3.563628 46.512711
3.562011 46.508221
3.5600941 46.503788
3.557883 46.49942
3.5553801 46.495125
3.552593 46.490917
3.549526 46.486801
3.5461869 46.482784
3.542583 46.478882
3.5387199 46.475098
3.5346091 46.471439
3.530257 46.467915
3.5256729 46.464535
3.520869 46.461304
3.5158529 46.458225
3.5106361 46.455315
3.5052309 46.452568
3.4996469 46.450001
3.4938979 46.447609
3.4879949 46.445408
3.481951 46.443394
3.4757781 46.441574
3.469491 46.439953
3.4631021 46.438534
3.456625 46.437317
3.450073 46.43631
3.4434619 46.435509
3.4368031 46.434921
3.4301131 46.434547
3.4234049 46.434387
3.416693 46.434437
3.409991 46.434704
3.4033151 46.435181
3.4033329 46.43528
3.2425001 46.449165
3.25 46.5
3.289722 46.646389
