3.2897 46.646
3.453 46.632
3.4596 46.631
3.466 46.63
3.4724 46.628
3.4786 46.627
3.4848 46.625
3.4908 46.623
3.4966 46.62
3.5023 46.618
3.5078 46.615
3.5132 46.612
3.5183 46.609
3.5232 46.606
3.5279 46.603
3.5324 46.599
3.5367 46.596
3.5407 46.592
3.5444 46.588
3.554 46.576
3.5567 46.572
3.559 46.567
3.5611 46.563
3.5663 46.545
3.5669 46.54
3.5671 46.536
3.567 46.531
3.5666 46.526
3.5659 46.522
3.5649 46.517
3.5636 46.513
3.562 46.508
3.5601 46.504
3.5579 46.499
3.5554 46.495
3.5526 46.491
3.5495 46.487
3.5462 46.483
3.5426 46.479
3.5387 46.475
3.5346 46.471
3.5303 46.468
3.5257 46.465
3.5209 46.461
3.5159 46.458
3.5106 46.455
3.4939 46.448
3.4695 46.44
3.4501 46.436
3.4435 46.436
3.4368 46.435
3.4301 46.435
3.4234 46.434
3.4167 46.434
3.41 46.435
3.4033 46.435
3.4033 46.435
3.2425 46.449
3.25 46.5
3.2897 46.646
