2.145478 45.396786
2.144865 45.396912
2.1444449 45.397259
2.1417379 45.39687
2.1417949 45.396732
2.1413779 45.396713
2.1410649 45.396957
2.140785 45.39703
2.14066 45.396889
2.1399601 45.396793
2.1393499 45.396381
2.1395919 45.396194
2.139235 45.395947
2.1400421 45.395397
2.1395299 45.394966
2.139756 45.39476
2.1410661 45.3951
2.141803 45.39489
2.1423781 45.39526
2.143507 45.394833
2.144274 45.394436
2.1447189 45.395664
2.145678 45.395889
2.146055 45.396381
2.1460271 45.396564
2.145478 45.396786
