2.145478 45.396786
2.144927 45.396881
2.144865 45.396912
2.1444449 45.397259
2.1443059 45.39724
2.141772 45.39687
2.1417379 45.39687
2.1417949 45.396732
2.141577 45.396748
2.1413779 45.396713
2.1410649 45.396957
2.140785 45.39703
2.14066 45.396889
2.1403191 45.396797
2.1402199 45.39679
2.14012 45.396778
2.1399601 45.396793
2.1395831 45.396538
2.1393499 45.396381
2.1395919 45.396194
2.139235 45.395947
2.139632 45.395668
2.1400421 45.395397
2.1395299 45.394966
2.139756 45.39476
2.1410661 45.3951
2.141803 45.394867
2.141803 45.39489
2.1418741 45.394951
2.142081 45.395153
2.1421449 45.395191
2.1421721 45.39521
2.142231 45.395229
2.1423061 45.395252
2.1423781 45.39526
2.142472 45.395237
2.1427441 45.395142
2.142915 45.395061
2.1430531 45.395
2.1430891 45.394989
2.143384 45.394897
2.143419 45.394886
2.143507 45.394833
2.1436951 45.394653
2.143795 45.394588
2.1439409 45.394524
2.1440871 45.394444
2.14415 45.394424
2.144192 45.394421
2.144242 45.394421
2.144259 45.394428
2.144274 45.394436
2.1443379 45.394657
2.1444819 45.395206
2.1445751 45.395432
2.1445949 45.395477
2.1446359 45.395576
2.1446769 45.39563
2.144691 45.395645
2.144702 45.39566
2.1447189 45.395664
2.1449599 45.395706
2.1452241 45.395763
2.1454179 45.395813
2.145678 45.395889
2.145853 45.396023
2.1459141 45.396111
2.1459479 45.396206
2.146029 45.396324
2.14605 45.396355
2.146055 45.396381
2.1460271 45.396564
2.1458559 45.39666
2.145678 45.396732
2.145478 45.396786
