4.4 46.5
5.5858 46.5
5.6061 46.477
5.8011 46.242
5.6617 46.173
5.6616 46.173
5.655 46.17
5.6487 46.167
5.6425 46.163
5.6365 46.159
5.6308 46.155
5.6252 46.151
5.6199 46.147
5.6149 46.142
5.61 46.138
5.6055 46.133
5.6012 46.128
5.5971 46.123
5.5933 46.118
5.5898 46.113
5.5866 46.108
5.5836 46.103
5.581 46.098
5.5786 46.092
5.5765 46.087
5.5747 46.081
5.5732 46.076
5.572 46.07
5.5712 46.065
5.5706 46.059
5.5703 46.053
5.5704 46.048
5.5707 46.042
5.5713 46.036
5.5723 46.031
5.5735 46.025
5.5751 46.02
5.5769 46.014
5.5791 46.009
5.5815 46.003
5.5842 45.998
5.5872 45.993
5.5905 45.988
5.594 45.983
5.5979 45.978
5.602 45.973
5.6063 45.968
5.6109 45.963
5.6158 45.959
5.6209 45.954
5.6262 45.95
5.6318 45.946
5.6375 45.942
5.6435 45.938
5.6497 45.935
5.656 45.931
5.6626 45.928
5.6628 45.928
5.4894 45.717
5.4981 45.686
5.955 45.635
5.9828 45.606
5.9792 45.456
5.9086 45.449
5.9372 45.331
5.7736 45.107
5.5211 45
5.3283 45
5.0233 44.667
4.8514 44.667
4.4547 44.669
4.1717 44.904
4.0422 45.137
4.1089 45.582
3.8981 45.969
3.8539 46.05
4.05 46.175
4.4 46.5
