4.4000001 46.5
5.5858331 46.5
5.606111 46.477222
5.8011112 46.242222
5.6616669 46.173332
5.661572 46.173428
5.6550202 46.170082
5.6486549 46.166569
5.6424861 46.162891
5.6365209 46.159058
5.6307678 46.155071
5.625237 46.150936
5.619935 46.14666
5.6148682 46.14225
5.610045 46.137711
5.6054721 46.133049
5.6011562 46.128273
5.5971012 46.123386
5.5933151 46.118397
5.5898032 46.113316
5.5865688 46.108143
5.5836172 46.10289
5.5809531 46.097565
5.5785789 46.092175
5.576499 46.086723
5.5747151 46.081226
5.5732312 46.075684
5.5720482 46.070107
5.571167 46.064503
5.570591 46.05888
5.5703192 46.053249
5.5703521 46.047611
5.5706892 46.041981
5.571331 46.036362
5.5722761 46.030762
5.573523 46.025192
5.575069 46.019657
5.5769129 46.014168
5.579052 46.008732
5.5814829 46.003353
5.5842028 45.998043
5.5872068 45.992805
5.5904899 45.987652
5.5940499 45.98259
5.5978799 45.977619
5.601974 45.972752
5.606328 45.967999
5.6109352 45.96336
5.615788 45.958843
5.6208811 45.954456
5.6262059 45.950207
5.6317558 45.946098
5.6375241 45.942139
5.6434999 45.938328
5.6496758 45.934677
5.656044 45.931194
5.6625948 45.927876
5.4894438 45.716667
5.4980559 45.685555
5.9549999 45.635277
5.9827781 45.605556
5.979167 45.455555
5.9086108 45.449165
5.937222 45.330555
5.7736111 45.106667
5.521111 45
5.3283329 45
5.0233331 44.666668
4.8513889 44.666668
4.4547219 44.66861
4.1716671 44.904446
4.042222 45.136944
4.1088891 45.581669
3.898056 45.969444
3.853889 46.049999
4.0500002 46.174999
4.4000001 46.5
