2.471667 46.605556
2.249444 46.715833
2.374167 46.7975
2.373709 46.797048
2.385471 46.791637
2.397466 46.786475
2.409685 46.781564
2.422116 46.776911
2.434747 46.77252
2.447566 46.768393
2.460562 46.764537
2.473722 46.760953
2.487035 46.757645
2.500487 46.754617
2.514068 46.75187
2.527763 46.749409
2.541561 46.747234
2.555449 46.745348
2.569413 46.743752
2.583442 46.742449
2.597521 46.741439
2.611639 46.740723
2.625782 46.740302
2.639937 46.740176
2.654091 46.740346
2.668231 46.74081
2.682344 46.74157
2.696417 46.742623
2.696389 46.742778
2.471667 46.605556
