2.4717 46.606
2.2494 46.716
2.3742 46.798
2.3737 46.797
2.3776 46.795
2.3815 46.793
2.3855 46.792
2.3894 46.79
2.3934 46.788
2.3975 46.786
2.4015 46.785
2.4056 46.783
2.4097 46.782
2.4138 46.78
2.4179 46.778
2.4221 46.777
2.4263 46.775
2.4305 46.774
2.4347 46.773
2.439 46.771
2.4433 46.77
2.4476 46.768
2.4519 46.767
2.4562 46.766
2.4606 46.765
2.4649 46.763
2.4693 46.762
2.4737 46.761
2.4781 46.76
2.4826 46.759
2.487 46.758
2.4915 46.757
2.496 46.756
2.5005 46.755
2.505 46.754
2.5095 46.753
2.5141 46.752
2.5186 46.751
2.5232 46.75
2.5278 46.749
2.5324 46.749
2.537 46.748
2.5416 46.747
2.5462 46.747
2.5508 46.746
2.5554 46.745
2.5601 46.745
2.5648 46.744
2.5694 46.744
2.5741 46.743
2.5788 46.743
2.5834 46.742
2.5881 46.742
2.5928 46.742
2.5975 46.741
2.6022 46.741
2.6069 46.741
2.6116 46.741
2.6164 46.741
2.6211 46.74
2.6258 46.74
2.6305 46.74
2.6352 46.74
2.6399 46.74
2.6447 46.74
2.6494 46.74
2.6541 46.74
2.6588 46.74
2.6635 46.741
2.6682 46.741
2.6729 46.741
2.6776 46.741
2.6823 46.742
2.687 46.742
2.6917 46.742
2.6964 46.743
2.6964 46.743
2.4717 46.606
