3.1841669 47.107498
3.383333 46.983334
3.313056 46.728058
2.852222 46.775833
2.8524489 46.775532
2.8593111 46.778008
2.866111 46.780563
2.872849 46.783199
2.8795221 46.785908
2.8861289 46.788692
2.8926671 46.791553
2.8991351 46.794487
2.9055309 46.797497
2.9118531 46.800575
2.9180989 46.80373
2.924268 46.806953
2.9303579 46.810246
2.936368 46.813606
2.9422951 46.817039
2.948137 46.820538
2.9538951 46.8241
2.959564 46.827728
2.9651451 46.831421
2.9706359 46.835178
2.9760339 46.838997
2.981339 46.842876
2.9865489 46.846817
2.991662 46.850815
2.9966769 46.854874
3.0015931 46.858986
3.0064089 46.863155
3.011122 46.867378
3.015732 46.871655
3.020237 46.875984
3.0246351 46.880363
3.0289271 46.884792
3.0331099 46.889267
3.037184 46.893791
3.041146 46.898361
3.044997 46.902977
3.0487349 46.907635
3.0523579 46.912338
3.055866 46.917076
3.059258 46.92186
3.0625329 46.926678
3.06569 46.931534
3.068728 46.93642
3.071646 46.941345
3.0744431 46.946304
3.0771179 46.95129
3.0796709 46.95631
3.0821011 46.961357
3.0844071 46.966431
3.0865891 46.971531
3.0886459 46.976654
3.0905769 46.9818
3.092381 46.986969
3.094059 46.992153
3.0956089 46.99736
3.0970311 47.002583
3.098326 47.007824
3.0994909 47.013077
3.100527 47.018341
3.101434 47.023617
3.102212 47.0289
3.102859 47.034195
3.1033759 47.039497
3.1037631 47.044804
3.1040201 47.050114
3.104146 47.055424
3.104141 47.060738
3.1040061 47.066048
3.103739 47.071358
3.103343 47.07666
3.1028149 47.081963
3.1021571 47.087254
3.1013689 47.092541
3.1008329 47.092499
3.1841669 47.107498
