3.1842 47.107
3.3833 46.983
3.3131 46.728
2.8522 46.776
2.8524 46.776
2.8593 46.778
2.8661 46.781
2.8728 46.783
2.8795 46.786
2.8861 46.789
2.8927 46.792
2.8991 46.794
2.9055 46.797
2.9119 46.801
2.9181 46.804
2.9243 46.807
2.9304 46.81
2.9364 46.814
2.9423 46.817
2.9481 46.821
2.9539 46.824
2.9596 46.828
2.9651 46.831
2.9706 46.835
2.976 46.839
2.9813 46.843
2.9865 46.847
2.9917 46.851
2.9967 46.855
3.0016 46.859
3.0064 46.863
3.0111 46.867
3.0157 46.872
3.0202 46.876
3.0246 46.88
3.0289 46.885
3.0331 46.889
3.0372 46.894
3.0411 46.898
3.045 46.903
3.0487 46.908
3.0524 46.912
3.0559 46.917
3.0593 46.922
3.0625 46.927
3.0657 46.932
3.0687 46.936
3.0716 46.941
3.0744 46.946
3.0771 46.951
3.0797 46.956
3.0821 46.961
3.0844 46.966
3.0866 46.972
3.0886 46.977
3.0906 46.982
3.0924 46.987
3.0941 46.992
3.0956 46.997
3.097 47.003
3.0983 47.008
3.0995 47.013
3.1005 47.018
3.1014 47.024
3.1022 47.029
3.1029 47.034
3.1034 47.039
3.1038 47.045
3.104 47.05
3.1041 47.055
3.1041 47.061
3.104 47.066
3.1037 47.071
3.1033 47.077
3.1028 47.082
3.1022 47.087
3.1014 47.093
3.1008 47.092
3.1842 47.107
