2.852222 46.775833
2.8794439 46.542221
2.75 46.5
2.602778 46.450001
1.9400001 46.511391
2.374167 46.797501
2.3736999 46.797039
2.379483 46.794334
2.3912239 46.789104
2.3971789 46.786579
2.409251 46.781719
2.421531 46.777111
2.4340069 46.772755
2.446667 46.768661
2.459501 46.764828
2.472496 46.761261
2.485642 46.757965
2.4989259 46.75494
2.5123351 46.752193
2.5258591 46.749722
2.539485 46.747532
2.5532 46.745621
2.566992 46.743996
2.5808489 46.742657
2.594758 46.741604
2.608707 46.740837
2.622684 46.740356
2.6366739 46.74017
2.650667 46.740269
2.664649 46.740654
2.6786079 46.741329
2.6925321 46.74229
2.7064071 46.743542
2.720221 46.745075
2.7339621 46.746895
2.747617 46.748997
2.761174 46.751381
2.774621 46.75404
2.787946 46.756977
2.801137 46.760189
2.8141811 46.763672
2.8270669 46.767418
2.8397839 46.771431
2.852319 46.775703
2.852222 46.775833
