2.8522 46.776
2.8794 46.542
2.75 46.5
2.6028 46.45
1.94 46.511
2.3742 46.798
2.3737 46.797
2.3795 46.794
2.3853 46.792
2.3912 46.789
2.3972 46.787
2.4032 46.784
2.4093 46.782
2.4154 46.779
2.4215 46.777
2.4277 46.775
2.434 46.773
2.4403 46.771
2.4467 46.769
2.4531 46.767
2.4595 46.765
2.466 46.763
2.4725 46.761
2.4791 46.76
2.4856 46.758
2.4923 46.756
2.4989 46.755
2.5056 46.754
2.5123 46.752
2.5191 46.751
2.5259 46.75
2.5327 46.749
2.5395 46.748
2.5463 46.747
2.5532 46.746
2.5601 46.745
2.567 46.744
2.5739 46.743
2.5808 46.743
2.5878 46.742
2.5948 46.742
2.6017 46.741
2.6087 46.741
2.6157 46.741
2.6227 46.74
2.6297 46.74
2.6367 46.74
2.6437 46.74
2.6507 46.74
2.6577 46.74
2.6646 46.741
2.6716 46.741
2.6786 46.741
2.6856 46.742
2.6925 46.742
2.6995 46.743
2.7064 46.744
2.7133 46.744
2.7202 46.745
2.7271 46.746
2.734 46.747
2.7408 46.748
2.7476 46.749
2.7544 46.75
2.7612 46.751
2.7679 46.753
2.7746 46.754
2.7813 46.755
2.7879 46.757
2.7946 46.759
2.8011 46.76
2.8077 46.762
2.8142 46.764
2.8206 46.766
2.8271 46.767
2.8334 46.769
2.8398 46.771
2.8461 46.774
2.8523 46.776
2.8522 46.776
