4.6747222 46.5
5.5858331 46.5
5.606111 46.477222
5.4077778 46.363335
5.5763888 46.237221
5.5705562 46.06028
5.5705481 46.06028
5.5703239 46.05727
5.570188 46.054256
5.570138 46.051243
5.5701761 46.048229
5.5703011 46.045216
5.5705118 46.042206
5.5708108 46.0392
5.5711961 46.036198
5.5716681 46.033203
5.572226 46.030212
5.5728712 46.027233
5.5736008 46.024261
5.5744171 46.021301
5.5753179 46.018353
5.576304 46.015419
5.5773749 46.012501
5.5785289 46.009594
5.5797672 46.006706
5.5810881 46.003834
5.5824909 46.00098
5.5839772 45.99815
5.5855432 45.995338
5.5871911 45.992554
5.5889182 45.989788
5.590724 45.987049
5.5926089 45.984333
5.5945721 45.981647
5.596612 45.978989
5.5987282 45.976357
5.6009188 45.973755
5.6031852 45.971188
5.6055241 45.968647
5.6079359 45.966145
5.6104188 45.963673
5.6129718 45.961239
5.6155958 45.958839
5.6182871 45.956474
5.621047 45.954151
5.6238718 45.951866
5.6267619 45.949619
5.6297169 45.947414
5.6327338 45.945251
5.6358132 45.94313
5.6389518 45.941051
5.6421499 45.939018
5.6454058 45.937031
5.6487179 45.935085
5.6520858 45.933189
5.6555071 45.931339
5.6589808 45.929539
5.6625061 45.927784
5.6627779 45.928055
5.4894438 45.716667
5.4980559 45.685555
5.9549999 45.635277
5.9827781 45.605556
5.979167 45.455555
5.9086108 45.449165
5.937222 45.330555
5.7736111 45.106667
5.521111 45
5.3283329 45
5.0233331 44.666668
4.8513889 44.666668
4.4547219 44.66861
4.1716671 44.904446
4.042222 45.136944
4.1088891 45.581669
3.915 45.93861
4.3105559 45.884724
4.2036109 46.086109
4.6613889 46.203609
4.6708331 46.218056
4.731111 46.30722
4.6747222 46.5
