2.378056 47.353611
2.991667 47.353611
3.1855559 47.261391
3.2361109 47.189445
3.1900001 47.121387
3.1841669 47.107498
3.1008329 47.092499
3.101397 47.092541
3.1034629 47.075565
3.1041861 47.05854
3.1035659 47.041512
3.1016059 47.024529
3.0983119 47.007645
3.0936949 46.990906
3.087769 46.974358
3.080554 46.958054
3.0720699 46.942032
3.0623441 46.926346
3.051404 46.911041
3.039283 46.896156
3.026015 46.881737
3.011641 46.867821
2.996202 46.854454
2.979743 46.841667
2.962312 46.829506
2.943958 46.817997
2.924736 46.807178
2.9046991 46.797077
2.8839059 46.787724
2.862416 46.779144
2.840291 46.771362
2.8175931 46.7644
2.7943881 46.758282
2.770741 46.753021
2.7467201 46.748631
2.722393 46.745129
2.697829 46.742519
2.6730981 46.740814
2.6482689 46.740017
2.623414 46.740128
2.598603 46.74115
2.5739059 46.743076
2.5493939 46.745907
2.525135 46.749626
2.5012 46.75423
2.4776549 46.759705
2.4545679 46.766033
2.4320049 46.773193
2.4100299 46.781174
2.388705 46.789948
2.3680921 46.799484
2.3482499 46.809765
2.329236 46.820759
2.3111031 46.832428
2.293906 46.844749
2.277693 46.857677
2.262511 46.871185
2.248405 46.885227
2.235415 46.899765
2.2235799 46.914757
2.212935 46.930161
2.203511 46.94593
2.1953361 46.962025
2.1884351 46.978397
2.1828289 46.994995
2.178535 47.011776
2.1755681 47.028687
2.1739349 47.045685
2.173645 47.062717
2.1746981 47.079739
2.177093 47.096691
2.180824 47.113537
2.185883 47.130219
2.1922541 47.14669
2.1999221 47.162907
2.2088649 47.178818
2.219058 47.194382
2.230473 47.209545
2.243077 47.224274
2.256835 47.238518
2.2572219 47.238335
2.378056 47.353611
