2.9763889 47.070831
2.894444 46.862499
2.696389 46.742779
2.6964171 46.742622
2.682344 46.74157
2.668231 46.74081
2.6540909 46.740345
2.6399369 46.740177
2.625782 46.740303
2.611639 46.740723
2.5975211 46.74144
2.583442 46.742451
2.5694129 46.743752
2.555449 46.74535
2.5415609 46.747234
2.5277629 46.749409
2.5140679 46.751869
2.5004871 46.754616
2.487035 46.757645
2.473722 46.760952
2.460562 46.764538
2.447566 46.768394
2.434747 46.772518
2.422116 46.776913
2.4096849 46.781563
2.3974659 46.786476
2.3854711 46.791637
2.373709 46.797047
2.374167 46.797501
2.5580561 46.9175
2.7874999 46.940556
2.8263891 47.005554
2.821667 47.041389
2.9763889 47.070831
