2.9763889 47.070831
2.894444 46.862499
2.696389 46.742779
2.6964171 46.742622
2.691731 46.742241
2.6870401 46.741886
2.682344 46.74157
2.677644 46.741283
2.6729391 46.741032
2.668231 46.74081
2.6635201 46.740623
2.658807 46.740467
2.6540909 46.740345
2.649374 46.740257
2.6446559 46.7402
2.6399369 46.740177
2.6352179 46.740185
2.6305001 46.740227
2.625782 46.740303
2.6210661 46.74041
2.6163509 46.740551
2.611639 46.740723
2.60693 46.740929
2.6022241 46.741165
2.5975211 46.74144
2.592823 46.741741
2.58813 46.742081
2.583442 46.742451
2.578759 46.742851
2.5740831 46.743286
2.5694129 46.743752
2.5647509 46.744251
2.560096 46.744785
2.555449 46.74535
2.5508101 46.745945
2.546181 46.746574
2.5415609 46.747234
2.5369511 46.747929
2.532352 46.748653
2.5277629 46.749409
2.523186 46.750198
2.518621 46.751019
2.5140679 46.751869
2.509527 46.752754
2.5050011 46.75367
2.5004871 46.754616
2.4959879 46.755596
2.491504 46.756603
2.487035 46.757645
2.4825809 46.758717
2.478143 46.759819
2.473722 46.760952
2.4693179 46.762115
2.464931 46.763313
2.460562 46.764538
2.4562111 46.765793
2.451879 46.767078
2.447566 46.768394
2.4432731 46.769737
2.4389989 46.771114
2.434747 46.772518
2.4305151 46.773952
2.4263041 46.775417
2.422116 46.776913
2.4179499 46.778435
2.413806 46.779984
2.4096849 46.781563
2.4055879 46.783173
2.401515 46.784809
2.3974659 46.786476
2.3934419 46.78817
2.3894441 46.78989
2.3854711 46.791637
2.3815229 46.793415
2.3776031 46.795216
2.373709 46.797047
2.374167 46.797501
2.5580561 46.9175
2.7874999 46.940556
2.8263891 47.005554
2.821667 47.041389
2.9763889 47.070831
