2.99 45.812
3.0347 45.807
3.0347 45.807
3.0371 45.785
3.0375 45.782
3.038 45.779
3.0385 45.776
3.0391 45.774
3.0409 45.766
3.0416 45.763
3.0423 45.76
3.043 45.757
3.0438 45.755
3.0463 45.747
3.0472 45.744
3.0481 45.741
3.0604 45.712
3.0617 45.71
3.0702 45.694
3.0717 45.692
3.0732 45.689
3.0748 45.686
3.0764 45.684
3.0781 45.681
3.0797 45.679
3.0849 45.671
3.0867 45.669
3.0885 45.667
3.0903 45.664
3.0922 45.662
3.0941 45.659
3.096 45.657
3.098 45.654
3.1213 45.629
3.1236 45.627
3.1259 45.624
3.1282 45.622
3.1306 45.62
3.133 45.618
3.1354 45.616
3.1378 45.613
3.1386 45.614
3.0028 45.6
2.9958 45.737
2.9933 45.789
2.99 45.812
