2.99 45.812222
3.0347221 45.806667
3.0346689 45.806664
3.0348549 45.803909
3.035074 45.801155
3.035326 45.798405
3.0356109 45.79565
3.035928 45.792904
3.0362771 45.790154
3.03666 45.787411
3.0370741 45.784664
3.0375221 45.781925
3.0380011 45.779186
3.0385129 45.776451
3.039058 45.77372
3.0396349 45.770988
3.0402441 45.768265
3.0408859 45.765545
3.041559 45.762825
3.0422649 45.760113
3.0430031 45.757401
3.0437729 45.754696
3.044575 45.751995
3.045409 45.749298
3.0462739 45.746605
3.0471721 45.743919
3.0481009 45.741238
3.049062 45.738564
3.050055 45.735893
3.051079 45.733231
3.052134 45.730572
3.053221 45.727917
3.0543389 45.725273
3.0554891 45.722633
3.056669 45.720001
3.0578811 45.717377
3.059123 45.714756
3.0603969 45.712147
3.0617011 45.709541
3.063036 45.706947
3.0644009 45.704357
3.0657971 45.701778
3.067224 45.699203
3.068681 45.69664
3.070168 45.694084
3.0716839 45.69154
3.073231 45.688999
3.0748079 45.686474
3.0764151 45.683952
3.0780511 45.681442
3.0797169 45.67894
3.0814121 45.676449
3.083137 45.673969
3.0848899 45.671497
3.086673 45.669037
3.088485 45.666584
3.0903251 45.664143
3.0921941 45.661716
3.0940919 45.659294
3.0960181 45.656891
3.0979719 45.654491
3.0999551 45.652107
3.101965 45.649734
3.1040039 45.647373
3.10607 45.64502
3.1081631 45.642681
3.110285 45.640358
3.112433 45.638042
3.114608 45.635742
3.116811 45.633453
3.11904 45.63118
3.1212959 45.628918
3.123579 45.626667
3.1258869 45.624428
3.128222 45.622208
3.130584 45.619995
3.132971 45.617802
3.1353829 45.61562
3.137821 45.613449
3.1386111 45.613888
3.0027781 45.599724
2.9958329 45.737221
2.9933331 45.789165
2.99 45.812222
