2.8224001 45.515491
2.8211901 45.515202
2.8210189 45.519596
2.8210199 45.519596
2.821018 45.519619
2.8208721 45.521427
2.8229859 45.525574
2.822988 45.525578
2.8231659 45.525928
2.8235641 45.5256
2.8243501 45.524948
2.824991 45.52454
2.8254361 45.524254
2.825882 45.524036
2.826647 45.523666
2.827512 45.523293
2.8276539 45.523041
2.8276861 45.523033
2.8276999 45.52301
2.8277199 45.522915
2.827837 45.522789
2.827883 45.522736
2.8279719 45.522655
2.828089 45.522572
2.8282101 45.522457
2.828294 45.5224
2.8283181 45.522346
2.828407 45.522308
2.8285079 45.522289
2.828651 45.52227
2.8287001 45.522255
2.8287239 45.522224
2.8287871 45.522186
2.828882 45.52211
2.8288839 45.52211
2.828902 45.522083
2.828903 45.522049
2.8289909 45.521999
2.8290911 45.521927
2.8291869 45.521866
2.8292799 45.521816
2.82935 45.521774
2.829366 45.521767
2.8293669 45.521767
2.829427 45.521725
2.8295 45.521683
2.8295569 45.521637
2.829618 45.521603
2.8296731 45.521564
2.8297181 45.521538
2.8298509 45.521469
2.829973 45.521423
2.83003 45.521412
2.8300991 45.521404
2.8301089 45.521404
2.8301201 45.521404
2.8302259 45.521393
2.830256 45.521389
2.8303821 45.521366
2.830554 45.521336
2.8305981 45.521332
2.8306539 45.521328
2.8307481 45.521328
2.8307509 45.521294
2.8307509 45.521294
2.8306091 45.521248
2.830477 45.521194
2.8303471 45.521091
2.830287 45.521004
2.830291 45.52087
2.830354 45.520725
2.8304231 45.520672
2.830704 45.520512
2.8306069 45.520432
2.8304009 45.520306
2.83025 45.520222
2.8300149 45.520119
2.829833 45.520103
2.829704 45.520084
2.8295341 45.520023
2.829432 45.519978
2.8293359 45.519913
2.8291841 45.519798
2.8290651 45.519699
2.8289311 45.519569
2.82883 45.519436
2.8287721 45.519341
2.828728 45.519218
2.8286729 45.519016
2.8285961 45.518307
2.8286049 45.518032
2.8286381 45.517937
2.828747 45.517784
2.8290031 45.517441
2.829226 45.517181
2.8292689 45.517132
2.8284171 45.516926
2.8224001 45.515491
