2.1689 47.082
2.8333 46.75
2.9167 46.333
2.9278 46.256
2.5889 46.26
2.5 46.229
2.5 45.436
2 45.316
2 44.759
1.4775 44.78
1.0578 44.748
1.0706 44.907
1.2819 44.948
1.04 45.5
0.094167 45.5
-0.15028 45.667
-0.15012 45.667
-0.15016 45.667
-0.1502 45.667
-0.15024 45.668
-0.15028 45.668
-0.15033 45.668
-0.15037 45.669
-0.15042 45.669
-0.15047 45.669
-0.15052 45.67
-0.15057 45.67
-0.15062 45.671
-0.15067 45.671
-0.15073 45.671
-0.15079 45.672
-0.15085 45.672
-0.1509 45.672
-0.15097 45.673
-0.15103 45.673
-0.15109 45.673
-0.15116 45.674
-0.15123 45.674
-0.1513 45.674
-0.15137 45.675
-0.15144 45.675
-0.15151 45.675
-0.15159 45.676
-0.15166 45.676
-0.15174 45.676
-0.15182 45.677
-0.1519 45.677
-0.15199 45.677
-0.15207 45.678
-0.15215 45.678
-0.15224 45.679
-0.15233 45.679
-0.15242 45.679
-0.15251 45.68
-0.1526 45.68
-0.1527 45.68
-0.1528 45.681
-0.15289 45.681
-0.15299 45.681
-0.15309 45.682
-0.15319 45.682
-0.1533 45.682
-0.1534 45.683
-0.15351 45.683
-0.15362 45.683
-0.15373 45.684
-0.15384 45.684
-0.15395 45.684
-0.15406 45.685
-0.15418 45.685
-0.1543 45.685
-0.15441 45.686
-0.15453 45.686
-0.15465 45.686
-0.15478 45.687
-0.1549 45.687
-0.15503 45.687
-0.15515 45.688
-0.15528 45.688
-0.15541 45.688
-0.15554 45.689
-0.15568 45.689
-0.15581 45.69
-0.15595 45.69
-0.15608 45.69
-0.15622 45.691
-0.15636 45.691
-0.15651 45.691
-0.15665 45.692
-0.15679 45.692
-0.15694 45.692
-0.15709 45.693
-0.15724 45.693
-0.15739 45.693
-0.15754 45.694
-0.15785 45.694
-0.15806 45.694
-0.073056 45.822
0.054167 45.817
0.91722 46.438
1.1583 46.417
1.1606 46.583
1.6583 46.536
2.1689 47.082
