3.0694 45.944
3.5392 45.991
3.5394 45.991
3.5434 45.987
3.5474 45.983
3.5512 45.98
3.5728 45.957
3.5762 45.953
3.5794 45.949
3.5826 45.945
3.5857 45.941
3.5887 45.936
3.5916 45.932
3.5945 45.928
3.6098 45.903
3.612 45.898
3.6142 45.894
3.6163 45.89
3.6237 45.872
3.6254 45.868
3.627 45.863
3.6284 45.859
3.6298 45.854
3.6362 45.827
3.6369 45.823
3.6397 45.786
3.6392 45.772
3.6389 45.768
3.6384 45.763
3.6379 45.758
3.6373 45.754
3.6329 45.731
3.6247 45.704
3.623 45.7
3.6213 45.695
3.6194 45.691
3.6175 45.687
3.6154 45.682
3.604 45.661
3.1384 45.614
3.1343 45.617
3.1304 45.621
3.1264 45.625
3.1226 45.628
3.1189 45.632
3.1152 45.636
3.1116 45.64
3.108 45.644
3.1046 45.648
3.1012 45.652
3.0797 45.68
3.0693 45.697
3.0669 45.701
3.0645 45.706
3.0581 45.719
3.0561 45.723
3.0475 45.745
3.046 45.75
3.0447 45.754
3.0434 45.759
3.0422 45.763
3.0411 45.768
3.0401 45.772
3.0392 45.777
3.0383 45.781
3.0376 45.786
3.037 45.791
3.0364 45.795
3.0359 45.8
3.035 45.818
3.035 45.823
3.0355 45.836
3.0358 45.841
3.0363 45.846
3.0368 45.85
3.0374 45.855
3.0431 45.882
3.0443 45.887
3.0457 45.891
3.0519 45.909
3.0576 45.922
3.0596 45.927
3.0618 45.931
3.064 45.935
3.0663 45.94
3.0687 45.944
3.0694 45.944
