3.0694 45.944
3.5392 45.991
3.5394 45.991
3.5434 45.987
3.5474 45.983
3.5512 45.98
3.555 45.976
3.5587 45.972
3.5624 45.968
3.5659 45.964
3.5694 45.96
3.5728 45.957
3.5762 45.953
3.5794 45.949
3.5826 45.945
3.5857 45.941
3.5887 45.936
3.5916 45.932
3.5945 45.928
3.5972 45.924
3.5999 45.92
3.6025 45.916
3.605 45.911
3.6074 45.907
3.6098 45.903
3.612 45.898
3.6142 45.894
3.6163 45.89
3.6183 45.885
3.6202 45.881
3.622 45.877
3.6237 45.872
3.6254 45.868
3.627 45.863
3.6284 45.859
3.6298 45.854
3.6311 45.85
3.6323 45.845
3.6334 45.841
3.6344 45.836
3.6353 45.832
3.6362 45.827
3.6369 45.823
3.6376 45.818
3.6382 45.813
3.6386 45.809
3.639 45.804
3.6393 45.8
3.6395 45.795
3.6397 45.791
3.6397 45.786
3.6396 45.781
3.6395 45.777
3.6392 45.772
3.6389 45.768
3.6384 45.763
3.6379 45.758
3.6373 45.754
3.6366 45.749
3.6358 45.745
3.6349 45.74
3.634 45.736
3.6329 45.731
3.6318 45.727
3.6305 45.722
3.6292 45.718
3.6278 45.713
3.6263 45.709
3.6247 45.704
3.623 45.7
3.6213 45.695
3.6194 45.691
3.6175 45.687
3.6154 45.682
3.6133 45.678
3.6111 45.673
3.6089 45.669
3.6065 45.665
3.604 45.661
3.6033 45.661
3.1386 45.614
3.1384 45.614
3.1343 45.617
3.1304 45.621
3.1264 45.625
3.1226 45.628
3.1189 45.632
3.1152 45.636
3.1116 45.64
3.108 45.644
3.1046 45.648
3.1012 45.652
3.0979 45.656
3.0947 45.66
3.0915 45.664
3.0884 45.668
3.0855 45.672
3.0826 45.676
3.0797 45.68
3.077 45.684
3.0743 45.688
3.0718 45.693
3.0693 45.697
3.0669 45.701
3.0645 45.706
3.0623 45.71
3.0601 45.714
3.0581 45.719
3.0561 45.723
3.0542 45.727
3.0524 45.732
3.0507 45.736
3.049 45.741
3.0475 45.745
3.046 45.75
3.0447 45.754
3.0434 45.759
3.0422 45.763
3.0411 45.768
3.0401 45.772
3.0392 45.777
3.0383 45.781
3.0376 45.786
3.037 45.791
3.0364 45.795
3.0359 45.8
3.0355 45.804
3.0353 45.809
3.0351 45.813
3.035 45.818
3.035 45.823
3.035 45.827
3.0352 45.832
3.0355 45.836
3.0358 45.841
3.0363 45.846
3.0368 45.85
3.0374 45.855
3.0381 45.859
3.0389 45.864
3.0398 45.868
3.0408 45.873
3.0419 45.878
3.0431 45.882
3.0443 45.887
3.0457 45.891
3.0471 45.896
3.0486 45.9
3.0502 45.905
3.0519 45.909
3.0537 45.913
3.0556 45.918
3.0576 45.922
3.0596 45.927
3.0618 45.931
3.064 45.935
3.0663 45.94
3.0687 45.944
3.0694 45.944
