3.0249 45.411
3.0248 45.411
3.0247 45.411
3.0247 45.411
3.0246 45.411
3.0246 45.411
3.0246 45.411
3.0245 45.411
3.0245 45.411
3.0244 45.411
3.0243 45.411
3.0242 45.411
3.0242 45.412
3.0241 45.412
3.0239 45.411
3.0237 45.411
3.0234 45.411
3.0231 45.411
3.0231 45.411
3.0231 45.411
3.023 45.41
3.0229 45.41
3.0228 45.41
3.023 45.409
3.0231 45.409
3.0232 45.409
3.0233 45.409
3.0235 45.409
3.0237 45.409
3.0238 45.409
3.0238 45.409
3.024 45.409
3.0241 45.409
3.0241 45.409
3.0242 45.409
3.0241 45.409
3.024 45.409
3.0239 45.409
3.0238 45.409
3.0237 45.409
3.0236 45.408
3.0234 45.408
3.0233 45.408
3.0233 45.408
3.0234 45.408
3.0234 45.408
3.0233 45.408
3.0232 45.408
3.0231 45.408
3.0231 45.408
3.023 45.408
3.0226 45.408
3.0224 45.408
3.0222 45.408
3.0221 45.408
3.022 45.408
3.0215 45.408
3.021 45.408
3.0206 45.407
3.0205 45.408
3.0203 45.408
3.0201 45.408
3.02 45.408
3.0199 45.408
3.0197 45.409
3.0196 45.409
3.0193 45.409
3.019 45.409
3.0187 45.409
3.0184 45.41
3.0179 45.41
3.0177 45.41
3.0173 45.41
3.0171 45.41
3.0169 45.41
3.0168 45.41
3.0164 45.41
3.0162 45.41
3.016 45.409
3.0157 45.41
3.0155 45.41
3.0152 45.41
3.015 45.41
3.0147 45.41
3.0144 45.41
3.0143 45.409
3.0142 45.409
3.0139 45.409
3.0137 45.409
3.0135 45.409
3.0133 45.409
3.0132 45.409
3.0131 45.409
3.0129 45.409
3.0128 45.409
3.0126 45.409
3.0126 45.409
3.0126 45.408
3.0127 45.408
3.0128 45.408
3.0128 45.408
3.0129 45.408
3.0129 45.407
3.013 45.407
3.013 45.407
3.0131 45.407
3.0137 45.407
3.0138 45.407
3.0139 45.407
3.0142 45.407
3.0145 45.407
3.0146 45.407
3.015 45.407
3.015 45.407
3.0152 45.407
3.0153 45.407
3.0153 45.407
3.0155 45.407
3.0156 45.407
3.0158 45.407
3.0162 45.407
3.0164 45.407
3.0167 45.407
3.0167 45.406
3.0167 45.406
3.0167 45.406
3.0169 45.406
3.0169 45.406
3.0171 45.406
3.0171 45.406
3.0173 45.406
3.0175 45.406
3.0176 45.406
3.0177 45.406
3.0178 45.406
3.018 45.406
3.0181 45.406
3.0181 45.406
3.0183 45.406
3.0185 45.406
3.0188 45.406
3.0189 45.406
3.0191 45.405
3.0194 45.405
3.0198 45.405
3.02 45.405
3.0201 45.405
3.0202 45.405
3.0205 45.405
3.0206 45.405
3.0207 45.405
3.0208 45.405
3.021 45.405
3.0211 45.405
3.0212 45.405
3.0212 45.405
3.0214 45.405
3.0217 45.406
3.0218 45.406
3.0219 45.406
3.022 45.406
3.0222 45.406
3.0223 45.406
3.0224 45.406
3.0228 45.406
3.0234 45.406
3.0236 45.406
3.0238 45.406
3.0241 45.406
3.0244 45.406
3.0244 45.406
3.0245 45.406
3.0245 45.406
3.0245 45.406
3.0246 45.406
3.0247 45.407
3.0249 45.407
3.0249 45.407
3.0251 45.407
3.0253 45.407
3.0255 45.407
3.0256 45.407
3.0257 45.407
3.0258 45.407
3.0258 45.407
3.0259 45.408
3.0259 45.408
3.026 45.408
3.0261 45.408
3.0262 45.408
3.0263 45.408
3.0263 45.408
3.0263 45.408
3.0264 45.408
3.0264 45.408
3.0264 45.408
3.0264 45.408
3.0264 45.408
3.0264 45.408
3.0264 45.408
3.0264 45.408
3.0264 45.408
3.0264 45.408
3.0265 45.409
3.0265 45.409
3.0265 45.409
3.0265 45.409
3.0265 45.409
3.0265 45.409
3.0265 45.409
3.0265 45.409
3.0265 45.409
3.0265 45.409
3.0265 45.409
3.0264 45.409
3.0264 45.409
3.0264 45.409
3.0263 45.409
3.0263 45.409
3.0263 45.409
3.0263 45.409
3.0263 45.409
3.0263 45.409
3.0263 45.41
3.0263 45.41
3.0262 45.41
3.0262 45.41
3.0261 45.41
3.026 45.41
3.026 45.41
3.0259 45.41
3.0258 45.41
3.0257 45.41
3.0257 45.41
3.0257 45.41
3.0259 45.41
3.0258 45.41
3.0257 45.41
3.0257 45.41
3.0256 45.411
3.0256 45.411
3.0255 45.411
3.0254 45.411
3.0253 45.411
3.0253 45.411
3.0252 45.411
3.0251 45.411
3.025 45.411
3.0249 45.411
