3.1975 45.891388
3.3808329 45.861389
3.380883 45.861534
3.3858931 45.860596
3.39081 45.85944
3.3956139 45.858078
3.4002881 45.856506
3.404814 45.85474
3.409173 45.852783
3.4133501 45.850639
3.4173279 45.84832
3.421092 45.845833
3.4246271 45.843189
3.4279211 45.840397
3.4309599 45.837467
3.433733 45.834415
3.4362299 45.831249
3.4384389 45.82798
3.4403551 45.824619
3.441968 45.821186
3.4432731 45.817692
3.4442649 45.814144
3.4449401 45.810558
3.445296 45.806953
3.4453311 45.803341
3.4450459 45.799732
3.4444411 45.796146
3.4435179 45.792587
3.442282 45.789082
3.440738 45.785629
3.43889 45.782253
3.4367471 45.778965
3.4343159 45.775772
3.431607 45.772694
3.4286311 45.769737
3.4253981 45.766914
3.421921 45.764236
3.4182141 45.761711
3.41429 45.759354
3.4101651 45.757168
3.4058549 45.755165
3.4013889 45.753334
3.2363889 45.690834
3.2365561 45.690617
3.2278061 45.68755
3.221071 45.685505
3.2118919 45.683128
3.202518 45.68116
3.1953809 45.679955
3.1857541 45.678719
3.178472 45.67807
3.1711531 45.677662
3.1613679 45.677494
3.1540301 45.67765
3.1467111 45.678047
3.139426 45.678688
3.1321931 45.679565
3.1226561 45.681107
3.113276 45.683064
3.1063671 45.684799
3.099582 45.68676
3.0907559 45.68972
3.084321 45.692188
3.078059 45.69487
3.071985 45.697754
3.0661111 45.700832
3.065671 45.700714
3.0598111 45.71191
3.0545239 45.723248
3.049819 45.734707
3.0463469 45.744339
3.0432861 45.75404
3.0406389 45.763802
3.038408 45.773613
3.036597 45.783466
3.0352061 45.793354
3.0342381 45.803265
3.0336919 45.813194
3.033571 45.823128
3.033874 45.833057
3.034601 45.842979
3.0352409 45.848923
3.0357881 45.848911
3.040242 45.853058
3.044975 45.857048
3.049978 45.860878
3.055238 45.864536
3.0607431 45.868015
3.0664811 45.871307
3.0724399 45.874405
3.078604 45.8773
3.0849609 45.879986
3.091495 45.882458
3.098192 45.884712
3.105036 45.886738
3.1120119 45.888535
3.119103 45.890095
3.1262939 45.891418
3.136008 45.892811
3.1433661 45.893566
3.150768 45.894081
3.1581969 45.894344
3.1656351 45.894363
3.175539 45.894001
3.182934 45.89344
3.192718 45.892315
3.197566 45.891586
3.1975 45.891388
