3.1975 45.891388
3.3808329 45.861389
3.380883 45.861534
3.3858931 45.860596
3.39081 45.85944
3.3956139 45.858078
3.4002881 45.856506
3.404814 45.85474
3.409173 45.852783
3.4133501 45.850639
3.4173279 45.84832
3.421092 45.845833
3.4246271 45.843189
3.4279211 45.840397
3.4309599 45.837467
3.433733 45.834415
3.4362299 45.831249
3.4384389 45.82798
3.4403551 45.824619
3.441968 45.821186
3.4432731 45.817692
3.4442649 45.814144
3.4449401 45.810558
3.445296 45.806953
3.4453311 45.803341
3.4450459 45.799732
3.4444411 45.796146
3.4435179 45.792587
3.442282 45.789082
3.440738 45.785629
3.43889 45.782253
3.4367471 45.778965
3.4343159 45.775772
3.431607 45.772694
3.4286311 45.769737
3.4253981 45.766914
3.421921 45.764236
3.4182141 45.761711
3.41429 45.759354
3.4101651 45.757168
3.4058549 45.755165
3.4013751 45.753349
3.4013889 45.753334
3.2363889 45.690834
3.2365561 45.690617
3.2343941 45.689816
3.2322149 45.689037
3.2300191 45.688282
3.2278061 45.68755
3.2255759 45.686844
3.223331 45.686165
3.221071 45.685505
3.218797 45.684875
3.2165091 45.684265
3.2142069 45.683685
3.2118919 45.683128
3.2095661 45.682598
3.207227 45.682095
3.2048781 45.681614
3.202518 45.68116
3.2001481 45.680733
3.1977689 45.680332
3.1953809 45.679955
3.1929851 45.679607
3.190582 45.679283
3.1881709 45.678989
3.1857541 45.678719
3.183332 45.678474
3.1809039 45.678261
3.178472 45.67807
3.1760349 45.67791
3.1735959 45.677773
3.1711531 45.677662
3.168709 45.677582
3.1662631 45.677525
3.163816 45.677498
3.1613679 45.677494
3.158921 45.677521
3.1564751 45.67757
3.1540301 45.67765
3.151587 45.677757
3.149147 45.677891
3.1467111 45.678047
3.144278 45.678234
3.141849 45.678448
3.139426 45.678688
3.1370089 45.678955
3.1345971 45.679249
3.1321931 45.679565
3.129796 45.679913
3.1274071 45.680286
3.1250269 45.680683
3.1226561 45.681107
3.120295 45.681557
3.117944 45.682034
3.1156039 45.682537
3.113276 45.683064
3.11096 45.683617
3.1086569 45.684196
3.1063671 45.684799
3.1040909 45.685429
3.1018291 45.686081
3.099582 45.68676
3.0973511 45.687466
3.0951359 45.68819
3.092937 45.688946
3.0907559 45.68972
3.088593 45.690521
3.086447 45.691341
3.084321 45.692188
3.0822129 45.693062
3.080126 45.693954
3.078059 45.69487
3.0760131 45.695808
3.073988 45.69677
3.071985 45.697754
3.0700049 45.698757
3.068047 45.699787
3.066113 45.700832
3.0661111 45.700832
3.065671 45.700714
3.0646551 45.702572
3.0636539 45.70443
3.06267 45.706295
3.0617011 45.708164
3.0607481 45.710033
3.0598111 45.71191
3.0588901 45.713791
3.0579841 45.715675
3.0570951 45.717564
3.056222 45.719452
3.0553651 45.721348
3.0545239 45.723248
3.0537 45.725147
3.052891 45.727055
3.052099 45.728962
3.0513229 45.730873
3.0505631 45.732788
3.049819 45.734707
3.0490921 45.736626
3.0483811 45.738548
3.0476871 45.740479
3.047009 45.742409
3.0463469 45.744339
3.045702 45.746277
3.045073 45.748215
3.044461 45.750153
3.043865 45.752094
3.0432861 45.75404
3.0427229 45.755989
3.042177 45.757938
3.0416479 45.759892
3.0411351 45.761845
3.0406389 45.763802
3.040159 45.765762
3.039696 45.767719
3.0392499 45.769684
3.038821 45.771648
3.038408 45.773613
3.038012 45.775581
3.0376329 45.77755
3.037271 45.779522
3.0369251 45.781494
3.036597 45.783466
3.0362849 45.785442
3.03599 45.787418
3.035712 45.789394
3.03545 45.791374
3.0352061 45.793354
3.0349791 45.795334
3.0347681 45.797318
3.034574 45.799297
3.0343969 45.801281
3.0342381 45.803265
3.034095 45.805248
3.0339689 45.807236
3.03386 45.809219
3.033767 45.811207
3.0336919 45.813194
3.0336339 45.815178
3.0335929 45.817165
3.0335691 45.819153
3.033561 45.82114
3.033571 45.823128
3.0335979 45.825111
3.0336411 45.827099
3.0337019 45.829086
3.0337789 45.831074
3.033874 45.833057
3.0339849 45.835045
3.0341139 45.837029
3.0342591 45.839012
3.0344219 45.840996
3.034601 45.842979
3.034797 45.844963
3.0350111 45.846943
3.0352409 45.848923
3.0358329 45.848888
3.0357881 45.848911
3.037241 45.850307
3.0387261 45.851692
3.040242 45.853058
3.0417891 45.854404
3.0433669 45.855736
3.044975 45.857048
3.046613 45.858341
3.048281 45.859619
3.049978 45.860878
3.051703 45.862118
3.0534561 45.863335
3.055238 45.864536
3.0570459 45.865715
3.058881 45.866875
3.0607431 45.868015
3.0626309 45.869133
3.064544 45.870232
3.0664811 45.871307
3.068444 45.87236
3.07043 45.873394
3.0724399 45.874405
3.074472 45.875393
3.0765271 45.876358
3.078604 45.8773
3.0807021 45.87822
3.0828209 45.879116
3.0849609 45.879986
3.0871201 45.880836
3.089298 45.88166
3.091495 45.882458
3.0937099 45.883236
3.095942 45.883984
3.098192 45.884712
3.1004579 45.88541
3.1027391 45.886086
3.105036 45.886738
3.107347 45.887363
3.109673 45.887962
3.1120119 45.888535
3.114363 45.88908
3.1167271 45.889603
3.119103 45.890095
3.12149 45.890564
3.1238871 45.891006
3.1262939 45.891418
3.12871 45.891808
3.131135 45.892166
3.133568 45.892502
3.136008 45.892811
3.1384549 45.893089
3.140908 45.893341
3.1433661 45.893566
3.145829 45.893764
3.1482971 45.893936
3.150768 45.894081
3.1532421 45.894196
3.155719 45.894283
3.1581969 45.894344
3.160676 45.894379
3.163156 45.894382
3.1656351 45.894363
3.1681139 45.894314
3.1705911 45.894238
3.1730671 45.894131
3.175539 45.894001
3.1780081 45.893841
3.1804731 45.893654
3.182934 45.89344
3.185389 45.8932
3.187839 45.892933
3.1902821 45.892635
3.192718 45.892315
3.1951461 45.891964
3.197566 45.891586
3.1975 45.891388
