2.8208721 45.521427
2.821018 45.519619
2.8210199 45.519596
2.8210189 45.519596
2.8211901 45.515202
2.8224001 45.515491
2.8284171 45.516926
2.8292689 45.517132
2.8294449 45.516918
2.8295629 45.516808
2.8295889 45.516781
2.8285389 45.516605
2.8280621 45.516438
2.8274519 45.516258
2.8274209 45.516254
2.827049 45.51619
2.8266549 45.516136
2.826524 45.516098
2.8262661 45.516018
2.8260069 45.515942
2.8256099 45.515793
2.825382 45.515667
2.825314 45.515602
2.8253131 45.515602
2.8251989 45.515511
2.8251901 45.515507
2.8250861 45.515408
2.825037 45.515331
2.8249199 45.51516
2.8248811 45.515072
2.824873 45.515053
2.824759 45.514908
2.8247299 45.514885
2.8246939 45.514835
2.824681 45.514812
2.8246801 45.514812
2.8245339 45.514668
2.8244071 45.514568
2.824297 45.514462
2.8242359 45.514404
2.824122 45.514301
2.823956 45.514156
2.8237 45.513966
2.82342 45.513783
2.8232689 45.513702
2.8231909 45.513676
2.823065 45.513672
2.822916 45.51366
2.822875 45.513649
2.822607 45.51376
2.822423 45.513851
2.8222361 45.514099
2.8218429 45.514538
2.82217 45.514706
2.822103 45.514767
2.8220971 45.514771
2.819834 45.514385
2.819864 45.514523
2.82054 45.517529
2.819602 45.519112
2.821563 45.525021
2.821646 45.525269
2.8210051 45.525471
2.8210399 45.525627
2.8210609 45.525723
2.8210709 45.525822
2.8210709 45.525925
2.8210721 45.52597
2.8209889 45.526112
2.8208489 45.526344
2.820473 45.526726
2.819901 45.527233
2.8196499 45.52737
2.8195479 45.527367
2.8194611 45.527348
2.8194339 45.527355
2.8192699 45.527397
2.819165 45.52742
2.8190441 45.527435
2.818949 45.527443
2.81883 45.527443
2.818702 45.527428
2.8185921 45.527412
2.8184371 45.527397
2.818326 45.527393
2.8181031 45.527397
2.818002 45.527393
2.8179381 45.527386
2.8178921 45.527374
2.817857 45.527359
2.817853 45.527348
2.8178 45.527264
2.8176479 45.527271
2.8176191 45.52729
2.817595 45.527298
2.8175399 45.527313
2.8174829 45.527321
2.81738 45.527317
2.8172989 45.527321
2.817225 45.527344
2.8171511 45.52739
2.8171329 45.527397
2.8170829 45.527424
2.8170531 45.527439
2.8170249 45.527451
2.8169761 45.52747
2.8169329 45.527485
2.816812 45.527512
2.8166821 45.527523
2.8165519 45.527523
2.8165059 45.527519
2.815666 45.52787
2.815666 45.527866
2.815661 45.52787
2.8154631 45.527882
2.815068 45.527905
2.8149631 45.527931
2.8148301 45.527966
2.814769 45.527985
2.814635 45.528034
2.814472 45.528076
2.8144169 45.528088
2.8141019 45.528175
2.8140459 45.528194
2.814008 45.52821
2.8139889 45.528217
2.814003 45.528217
2.8202491 45.529396
2.82025 45.529392
2.8206539 45.529526
2.8215661 45.529827
2.821599 45.529839
2.8216021 45.529839
2.8216131 45.529831
2.8216519 45.529804
2.821687 45.529793
2.8217399 45.529766
2.821862 45.52969
2.8220069 45.529644
2.8222499 45.529606
2.8224139 45.529613
2.8225219 45.529629
2.8226309 45.529667
2.822809 45.529739
2.8230269 45.529858
2.8232951 45.530048
2.8234601 45.530132
2.823616 45.530197
2.823704 45.530231
2.8238001 45.530285
2.8238859 45.530342
2.823992 45.530415
2.8241279 45.53046
2.8242149 45.530502
2.8242631 45.530537
2.8243151 45.530586
2.8243771 45.530647
2.8245161 45.530762
2.8246369 45.530861
2.824692 45.53093
2.8247719 45.531067
2.824836 45.531132
2.8249159 45.531235
2.8249929 45.5313
2.825057 45.531406
2.8250899 45.531494
2.8250899 45.531563
2.825146 45.531593
2.825212 45.53167
2.825249 45.531708
2.8253541 45.531891
2.825474 45.532032
2.8255041 45.532074
2.8255341 45.532127
2.8256309 45.532192
2.825685 45.53223
2.8256991 45.532288
2.825736 45.532341
2.8258679 45.532436
2.825958 45.532551
2.8260331 45.53265
2.8261139 45.532738
2.8261559 45.532856
2.8262091 45.533009
2.8262601 45.533085
2.8262639 45.533108
2.8262889 45.533127
2.8264551 45.533298
2.826616 45.533401
2.826772 45.533447
2.8270011 45.533482
2.8271959 45.533585
2.8272991 45.533722
2.827358 45.53381
2.8274069 45.533882
2.8275399 45.534077
2.827682 45.534241
2.827791 45.534306
2.827862 45.534492
2.827879 45.534653
2.827909 45.534721
2.8282249 45.535446
2.8283689 45.535984
2.828464 45.536171
2.828568 45.536312
2.8286271 45.536369
2.8287261 45.536434
2.8289189 45.536507
2.8292229 45.536541
2.829529 45.536575
2.8304341 45.536674
2.830786 45.537296
2.830955 45.53759
2.8311429 45.537983
2.8311679 45.538025
2.8311291 45.538052
2.8311279 45.538052
2.831074 45.538094
2.831028 45.538143
2.8309779 45.538235
2.8309441 45.538349
2.8309231 45.538494
2.8309309 45.53854
2.8309431 45.538605
2.830951 45.538658
2.83097 45.538784
2.8309729 45.538803
2.8310089 45.538795
2.8310101 45.538795
2.8310649 45.538921
2.831074 45.53894
2.831079 45.53894
2.8311801 45.53907
2.8312941 45.539185
2.8313739 45.539314
2.8314531 45.539463
2.8315101 45.539696
2.8315489 45.539803
2.8315871 45.539871
2.831625 45.539909
2.8317511 45.53997
2.8318601 45.540054
2.8319011 45.540115
2.831939 45.540154
2.8320091 45.54023
2.832104 45.540287
2.832145 45.540287
2.832226 45.540321
2.8324039 45.540386
2.832515 45.540401
2.8326371 45.540417
2.8327069 45.540428
2.8328071 45.540466
2.8329179 45.540482
2.8329921 45.540508
2.833107 45.54052
2.8332069 45.540524
2.8332951 45.540558
2.8334301 45.54063
2.833529 45.540684
2.833591 45.540707
2.833647 45.540707
2.833766 45.540699
2.833853 45.540688
2.833956 45.540688
2.834007 45.540695
2.8340471 45.540707
2.8340671 45.540718
2.8341191 45.540722
2.834163 45.540726
2.834203 45.54073
2.8342271 45.54073
2.834254 45.540726
2.8342719 45.540722
2.8343329 45.540695
2.8344181 45.540672
2.834491 45.540642
2.834589 45.540627
2.8346951 45.540646
2.834779 45.540703
2.834868 45.540764
2.8349349 45.540848
2.8349459 45.540916
2.834976 45.540985
2.835047 45.541077
2.8351071 45.541164
2.8352001 45.541233
2.8353109 45.541298
2.835443 45.541397
2.835546 45.541496
2.8356249 45.541595
2.8356681 45.541676
2.8356919 45.54171
2.835747 45.541729
2.8358099 45.541752
2.83586 45.541798
2.8359139 45.541859
2.8359661 45.541927
2.836046 45.542007
2.836103 45.542137
2.8361609 45.54221
2.8362031 45.542255
2.8363099 45.542313
2.8364079 45.54237
2.8364999 45.542419
2.836592 45.542473
2.8367591 45.542522
2.8368959 45.542564
2.8370559 45.542583
2.8372591 45.542606
2.8374071 45.54261
2.8375721 45.54261
2.837678 45.54261
2.8377941 45.54261
2.837939 45.542633
2.8380761 45.54266
2.8381829 45.542667
2.8383651 45.542713
2.8384991 45.542744
2.8386371 45.542793
2.8387971 45.542854
2.8390419 45.542912
2.8391681 45.542942
2.839349 45.542961
2.8394461 45.542995
2.8396101 45.543022
2.8397801 45.543045
2.8399651 45.543064
2.840291 45.543056
2.8405521 45.543095
2.840631 45.543118
2.84073 45.543194
2.840837 45.543247
2.841017 45.543301
2.8412061 45.543358
2.8413351 45.543369
2.841397 45.543369
2.8414781 45.543365
2.841552 45.543369
2.8416629 45.543381
2.84201 45.543396
2.8421071 45.543388
2.8422389 45.543385
2.8425119 45.543346
2.8426869 45.543312
2.8428309 45.543289
2.8429289 45.543285
2.8430121 45.543304
2.8432109 45.543365
2.8433471 45.543396
2.8437541 45.543621
2.8440461 45.543678
2.8443451 45.543694
2.8508141 45.544403
2.851469 45.544731
2.851697 45.544888
2.851779 45.545273
2.851932 45.545731
2.852107 45.545853
2.852669 45.546173
2.853034 45.546288
2.8535409 45.546505
2.854197 45.546814
2.8545129 45.546898
2.8545599 45.546898
2.854634 45.546917
2.8547411 45.546974
2.8549709 45.547146
2.8551209 45.547283
2.8552899 45.547459
2.8554249 45.547646
2.8555379 45.547916
2.8557451 45.548721
2.855818 45.548843
2.856276 45.549355
2.8568001 45.549992
2.8569939 45.550343
2.8570521 45.550419
2.857111 45.550472
2.8580861 45.550751
2.8590159 45.550964
2.8595231 45.551037
2.860152 45.551109
2.861279 45.551212
2.8629229 45.551338
2.8630641 45.55135
2.8630819 45.551353
2.8630841 45.551338
2.8630791 45.551334
2.8630841 45.551334
2.863122 45.55114
2.8630891 45.550957
2.8630509 45.550873
2.862916 45.550735
2.862792 45.550694
2.8625829 45.55064
2.8624661 45.550594
2.862334 45.550529
2.8621061 45.550434
2.8617201 45.550282
2.86133 45.54998
2.8612399 45.549915
2.8611419 45.54982
2.8610661 45.549732
2.861002 45.549671
2.8607919 45.549564
2.8606379 45.54945
2.860302 45.549294
2.8601689 45.549267
2.8597889 45.549213
2.8596909 45.549194
2.8596311 45.549133
2.8594999 45.548981
2.8594849 45.548935
2.8594761 45.548771
2.859416 45.54855
2.85938 45.548466
2.8593941 45.548401
2.8594661 45.548218
2.8595419 45.547951
2.8595591 45.547615
2.859545 45.547565
2.8594279 45.547337
2.859446 45.547283
2.859566 45.547005
2.859591 45.546925
2.8595791 45.546879
2.8594849 45.546715
2.8594649 45.54665
2.859463 45.54631
2.859494 45.546276
2.859586 45.546211
2.8598249 45.546265
2.8598781 45.546257
2.8600459 45.546185
2.859885 45.546078
2.859761 45.545898
2.8596921 45.545826
2.8596001 45.545677
2.859499 45.545525
2.859436 45.545383
2.859482 45.545185
2.8594761 45.545055
2.8594639 45.544983
2.859395 45.544903
2.859282 45.544777
2.8592441 45.544727
2.8592341 45.544647
2.859268 45.544552
2.85939 45.544239
2.859381 45.544155
2.859345 45.544109
2.859056 45.543865
2.8588979 45.543777
2.8584411 45.543552
2.858305 45.543476
2.8578119 45.54324
2.857815 45.543194
2.858376 45.542686
2.8582909 45.542686
2.8582201 45.542686
2.8581419 45.542671
2.8580821 45.542656
2.85797 45.54261
2.857604 45.54245
2.857538 45.542419
2.857362 45.542263
2.8570449 45.541962
2.856982 45.541908
2.8568981 45.541847
2.8567851 45.541782
2.8566411 45.541714
2.8565719 45.541668
2.8565459 45.541645
2.8565099 45.541595
2.856499 45.541569
2.8565111 45.541462
2.856497 45.541451
2.85655 45.541313
2.8566029 45.54121
2.8566489 45.541157
2.856729 45.54108
2.8568101 45.541042
2.8568871 45.541012
2.8570311 45.540993
2.8571219 45.540989
2.857254 45.541
2.8573561 45.541023
2.857687 45.541145
2.8578091 45.541164
2.8578551 45.541161
2.858058 45.541122
2.8586669 45.540985
2.8588641 45.540936
2.8590009 45.540894
2.8591371 45.540836
2.859231 45.540794
2.85937 45.540722
2.8596971 45.540516
2.860044 45.540287
2.8602209 45.540161
2.860265 45.540119
2.860307 45.540073
2.860405 45.539848
2.860462 45.539787
2.8603611 45.539722
2.860431 45.53968
2.8606949 45.539524
2.861932 45.540264
2.8619449 45.540291
2.862134 45.540253
2.8623011 45.540161
2.862433 45.540138
2.8625541 45.540138
2.8630099 45.540253
2.8631029 45.540264
2.8633089 45.540188
2.863332 45.540138
2.8633759 45.540077
2.863457 45.540035
2.8636069 45.540051
2.8637581 45.54007
2.864038 45.540176
2.86431 45.540291
2.8652101 45.540535
2.865386 45.540558
2.865556 45.540527
2.8657241 45.540489
2.8658209 45.54044
2.865907 45.540424
2.866045 45.540436
2.8662519 45.540466
2.8665221 45.540535
2.866818 45.54055
2.866811 45.540569
2.8668001 45.540588
2.866817 45.540596
2.8681691 45.541077
2.8682439 45.541122
2.868295 45.541164
2.868361 45.541229
2.8683929 45.54126
2.868449 45.541306
2.8685551 45.541378
2.8687191 45.541466
2.868933 45.541607
2.8688519 45.541676
2.8690469 45.541779
2.8692169 45.541874
2.869328 45.542053
2.86935 45.542187
2.869457 45.54237
2.869648 45.542671
2.870085 45.5429
2.8706419 45.543091
2.8706281 45.542912
2.870507 45.542675
2.870594 45.542637
2.8707321 45.542641
2.8710649 45.542702
2.8712471 45.542866
2.8711841 45.542999
2.8714099 45.543194
2.871608 45.543484
2.872539 45.5438
2.8734479 45.544106
2.8739021 45.54425
2.874089 45.544022
2.8750019 45.544556
2.8749011 45.54475
2.875567 45.545021
2.876065 45.545132
2.8770659 45.545551
2.8783309 45.546078
2.878655 45.546329
2.8789101 45.546597
2.879457 45.546921
2.8797901 45.54718
2.879739 45.547234
2.880075 45.547447
2.8808379 45.546753
2.8796051 45.545902
2.8790209 45.545437
2.878298 45.544987
2.8775721 45.544502
2.8774731 45.544415
2.877419 45.5443
2.8773761 45.544186
2.877269 45.543816
2.877183 45.543709
2.8770111 45.543571
2.8766069 45.543282
2.8763471 45.543098
2.8760991 45.542957
2.8757191 45.542778
2.875634 45.542759
2.875432 45.542763
2.8752661 45.542736
2.8751431 45.542728
2.874954 45.542606
2.8745849 45.542122
2.8744481 45.541965
2.8740349 45.54179
2.873812 45.541691
2.8736291 45.541656
2.8735061 45.541649
2.873461 45.541588
2.873497 45.541519
2.8735991 45.541409
2.8738489 45.541138
2.873888 45.541004
2.873812 45.540855
2.87376 45.540733
2.873899 45.540333
2.873925 45.539967
2.8738179 45.539791
2.873755 45.539608
2.8736479 45.539242
2.8734591 45.538891
2.8732879 45.538567
2.873194 45.538364
2.873055 45.538189
2.872833 45.537994
2.8726001 45.537758
2.872467 45.537617
2.8723531 45.537422
2.872297 45.537308
2.872113 45.537228
2.8718791 45.53714
2.871805 45.537098
2.8717589 45.537033
2.871671 45.536926
2.8715551 45.536865
2.8714199 45.536831
2.8712411 45.536781
2.876904 45.530231
2.876905 45.530231
2.8768959 45.530228
2.8768589 45.530228
2.8768389 45.530228
2.876796 45.530231
2.8767271 45.530251
2.876683 45.530266
2.8766291 45.530277
2.8765659 45.530273
2.8765171 45.530262
2.8764739 45.530251
2.8764601 45.530247
2.8764229 45.530235
2.8763909 45.530205
2.8763559 45.530155
2.876333 45.530136
2.8762889 45.530079
2.8762431 45.530052
2.8761959 45.530033
2.8761489 45.530014
2.8761041 45.530003
2.876081 45.530003
2.876056 45.529991
2.876019 45.529984
2.8759789 45.529984
2.8759429 45.529984
2.875916 45.52998
2.8759 45.529972
2.8758891 45.529964
2.8758931 45.529953
2.8759539 45.529926
2.875983 45.529911
2.8759999 45.529873
2.8759921 45.529839
2.8759639 45.529812
2.8759379 45.529804
2.8759129 45.529808
2.8758669 45.529819
2.875823 45.529835
2.8757949 45.529858
2.8757579 45.529881
2.87573 45.529884
2.8757141 45.529881
2.875685 45.529881
2.87567 45.529888
2.875654 45.529896
2.8756421 45.529896
2.875633 45.529888
2.875612 45.529877
2.8756039 45.529873
2.8755839 45.529873
2.8755569 45.529865
2.875545 45.529861
2.875536 45.529854
2.8755441 45.529842
2.8755579 45.529835
2.8755701 45.529816
2.875561 45.529793
2.8755541 45.529766
2.8755441 45.529751
2.875515 45.529751
2.8754921 45.529743
2.875479 45.529728
2.8754871 45.529716
2.8754981 45.529697
2.875494 45.529682
2.8754749 45.529675
2.875437 45.529678
2.875366 45.52972
2.8753631 45.529751
2.8752129 45.5298
2.8751819 45.5298
2.8751631 45.529789
2.875154 45.529774
2.87515 45.529751
2.875139 45.529732
2.875118 45.529713
2.8750761 45.529705
2.875025 45.529697
2.8749831 45.529694
2.874929 45.529682
2.8748951 45.529682
2.8748579 45.529686
2.874814 45.529701
2.874789 45.529701
2.8747711 45.529697
2.874758 45.529686
2.8747511 45.529663
2.874742 45.529648
2.874723 45.52964
2.874701 45.529644
2.874671 45.529655
2.8746331 45.529663
2.8746109 45.529652
2.8745849 45.529636
2.8745899 45.529617
2.8746049 45.529598
2.8746209 45.529583
2.8746469 45.529545
2.87463 45.529507
2.874562 45.529453
2.874532 45.529438
2.8744941 45.529434
2.8744709 45.529449
2.8744609 45.529472
2.87444 45.529484
2.8744071 45.529484
2.874362 45.529476
2.874332 45.52948
2.8742599 45.529461
2.8742061 45.529434
2.8741541 45.529419
2.8741009 45.529415
2.8740649 45.529411
2.8740411 45.529415
2.873996 45.529423
2.873966 45.529419
2.8739431 45.529423
2.873904 45.529434
2.873877 45.529446
2.8738611 45.529446
2.8738551 45.529438
2.8738639 45.529415
2.8738689 45.529388
2.873852 45.52935
2.8738091 45.529308
2.87378 45.529274
2.8737371 45.529263
2.873692 45.529259
2.87362 45.529266
2.87356 45.529266
2.8735099 45.529266
2.8734651 45.529263
2.8734281 45.529255
2.8733871 45.529247
2.873353 45.529251
2.8733079 45.52924
2.87325 45.529209
2.8731921 45.529209
2.8731649 45.529209
2.8731461 45.529202
2.8731589 45.52919
2.8731339 45.529156
2.8731599 45.529118
2.8731239 45.529083
2.873095 45.529087
2.873044 45.529102
2.873023 45.52911
2.8729899 45.529099
2.8729861 45.529087
2.872987 45.529072
2.8729739 45.52906
2.872956 45.529053
2.8729179 45.529068
2.8729091 45.529083
2.872901 45.529095
2.8728909 45.529106
2.872885 45.529118
2.872875 45.529125
2.8728671 45.52914
2.8728681 45.529152
2.87288 45.52916
2.872894 45.52916
2.8729069 45.529156
2.8729219 45.529152
2.872932 45.52916
2.872931 45.529171
2.8729229 45.529186
2.87291 45.529198
2.8728859 45.529205
2.872869 45.529205
2.872849 45.529209
2.872838 45.529221
2.8728299 45.529232
2.872818 45.529243
2.872803 45.529251
2.8727801 45.529255
2.872766 45.529247
2.8727529 45.529228
2.872745 45.529213
2.8727419 45.52919
2.8727369 45.529179
2.8727281 45.529167
2.8727169 45.52916
2.8727119 45.52914
2.87271 45.529133
2.872705 45.529125
2.8726881 45.529125
2.872679 45.529118
2.8726499 45.529106
2.8726349 45.52911
2.872618 45.529114
2.872597 45.529118
2.8725741 45.529118
2.8725419 45.529118
2.8725181 45.529114
2.8724959 45.529102
2.8724799 45.529091
2.872462 45.529083
2.872443 45.529076
2.872427 45.529076
2.872402 45.529068
2.87238 45.529057
2.87237 45.529045
2.87239 45.529018
2.8724091 45.528996
2.8724101 45.528973
2.872402 45.528957
2.872391 45.528942
2.8723941 45.528927
2.872385 45.528912
2.8723519 45.5289
2.872298 45.528893
2.8722579 45.528904
2.8721709 45.52895
2.8720961 45.528988
2.871995 45.529003
2.871953 45.528996
2.8719461 45.528973
2.8719239 45.528942
2.871875 45.528912
2.871855 45.528912
2.8717971 45.528915
2.8717189 45.528954
2.8716669 45.528961
2.8716321 45.528954
2.871567 45.528938
2.8714709 45.528934
2.871464 45.528915
2.8714399 45.528896
2.871408 45.528908
2.871366 45.528919
2.8713231 45.528908
2.8712139 45.528854
2.8712029 45.528824
2.871187 45.528797
2.8711691 45.52879
2.871125 45.528782
2.871084 45.528767
2.8710661 45.528748
2.8710661 45.528721
2.8710489 45.528717
2.8710279 45.528709
2.870991 45.52869
2.8709791 45.528652
2.8710079 45.528603
2.871006 45.528564
2.87093 45.528538
2.870856 45.528522
2.8707311 45.528496
2.8707089 45.528469
2.8706601 45.52845
2.8706059 45.528446
2.870595 45.528427
2.8705461 45.528393
2.870492 45.528393
2.8704481 45.528389
2.870399 45.528351
2.8703451 45.528316
2.8703001 45.528313
2.87026 45.52829
2.870204 45.528267
2.8700931 45.528236
2.8700011 45.52821
2.8698959 45.528198
2.869807 45.528175
2.8697181 45.528141
2.869628 45.528118
2.8695941 45.528107
2.869539 45.528076
2.8694899 45.528053
2.869411 45.52803
2.8693531 45.528027
2.8692729 45.528008
2.8692451 45.527962
2.8691721 45.527859
2.8690569 45.527786
2.868983 45.527733
2.868891 45.527676
2.8687661 45.527611
2.868715 45.527569
2.86866 45.527489
2.8686321 45.527428
2.8686299 45.527332
2.8686669 45.527245
2.8687279 45.527145
2.868777 45.527103
2.868778 45.527081
2.8687739 45.527039
2.8687601 45.527004
2.8687379 45.526981
2.8687041 45.526966
2.8686719 45.526947
2.86865 45.52692
2.868645 45.526886
2.8686199 45.526852
2.8685889 45.526817
2.868557 45.526791
2.8685141 45.52676
2.8685141 45.526688
2.868439 45.5266
2.8684189 45.526588
2.868417 45.526554
2.8683939 45.526543
2.868346 45.526524
2.8683119 45.526505
2.8683009 45.526485
2.8682909 45.526447
2.868274 45.526417
2.868252 45.526398
2.8681719 45.526394
2.8681409 45.526386
2.8680899 45.526348
2.8680401 45.526314
2.8679299 45.526268
2.8678551 45.526249
2.8678119 45.526222
2.867775 45.526199
2.8677189 45.52615
2.8676791 45.526112
2.8676629 45.526093
2.867614 45.526066
2.867563 45.526047
2.867532 45.526051
2.8674979 45.526043
2.867456 45.526054
2.8674459 45.52607
2.8674181 45.526096
2.867358 45.526115
2.86728 45.526123
2.8672371 45.526119
2.867197 45.526104
2.8671529 45.526081
2.86711 45.526077
2.8669901 45.526096
2.8669679 45.526112
2.866972 45.526123
2.8669829 45.526146
2.8669751 45.526157
2.8669529 45.526157
2.8669059 45.526146
2.866847 45.526127
2.8667769 45.526093
2.8667419 45.526058
2.8667309 45.526035
2.86674 45.52602
2.8667519 45.526005
2.8667309 45.52599
2.8666949 45.525982
2.8666439 45.525986
2.8666041 45.526001
2.8665881 45.526024
2.8665781 45.526028
2.8665569 45.526024
2.86654 45.526005
2.86654 45.525986
2.8665149 45.52597
2.8664711 45.52597
2.866334 45.52594
2.8663001 45.525917
2.8662801 45.525921
2.866262 45.525906
2.8662369 45.525909
2.8662181 45.525909
2.8661921 45.525902
2.866173 45.525887
2.866154 45.525871
2.866128 45.525871
2.8660879 45.525879
2.8659749 45.52589
2.8659179 45.525883
2.865901 45.525871
2.8659019 45.525852
2.865901 45.525837
2.8658731 45.525784
2.8658459 45.525753
2.865804 45.52573
2.865747 45.525726
2.865669 45.525719
2.8656271 45.525723
2.865592 45.52573
2.8655519 45.525738
2.865531 45.525749
2.8653891 45.525837
2.8652871 45.525928
2.865263 45.525944
2.865216 45.525917
2.8651781 45.525879
2.865159 45.525879
2.86514 45.525887
2.865133 45.525906
2.8651421 45.525928
2.865164 45.525951
2.8651879 45.525982
2.8651681 45.525997
2.8651359 45.526005
2.8651071 45.526005
2.8650589 45.525963
2.8650119 45.525982
2.8649471 45.525948
2.864881 45.525993
2.8648541 45.526024
2.8648231 45.52602
2.8648119 45.525993
2.864799 45.525997
2.8646851 45.526035
2.864656 45.526031
2.8646109 45.526024
2.8645799 45.52602
2.8645201 45.526012
2.864485 45.526028
2.8642609 45.526112
2.8642421 45.5261
2.8642199 45.52607
2.8641939 45.526066
2.864166 45.526047
2.864135 45.526031
2.864095 45.526031
2.8640621 45.526039
2.8640311 45.526039
2.863986 45.526028
2.863929 45.526016
2.8638749 45.525997
2.8638201 45.525997
2.8637829 45.526009
2.863764 45.526031
2.863766 45.526058
2.863776 45.526081
2.863785 45.526112
2.86378 45.526127
2.8637609 45.526146
2.863728 45.526161
2.863688 45.526157
2.863646 45.526146
2.8636079 45.526134
2.8635719 45.526131
2.8635509 45.52615
2.8635371 45.526165
2.8635039 45.526165
2.8634779 45.526154
2.8634441 45.526134
2.863421 45.526108
2.863378 45.5261
2.8633399 45.526093
2.8632929 45.526085
2.8632259 45.526066
2.863179 45.526066
2.8631289 45.526066
2.8630919 45.526047
2.8630781 45.526028
2.8630681 45.525997
2.863018 45.525948
2.862994 45.525913
2.862973 45.525898
2.862937 45.525871
2.8629041 45.525856
2.862854 45.525833
2.8628211 45.525803
2.862798 45.525768
2.8626859 45.525745
2.862591 45.52573
2.8625109 45.525715
2.862484 45.525707
2.8624589 45.525711
2.8624129 45.525703
2.862371 45.525684
2.8623281 45.525665
2.8622839 45.52562
2.8622589 45.525585
2.8622 45.525551
2.862144 45.525524
2.8621199 45.525528
2.862087 45.525513
2.862067 45.52552
2.8620441 45.525513
2.8620319 45.52549
2.8620059 45.525486
2.861985 45.525486
2.861963 45.52549
2.8619261 45.525497
2.8619039 45.525494
2.8618829 45.525475
2.8618619 45.525463
2.8617101 45.525414
2.861675 45.525421
2.8616459 45.525429
2.8616271 45.525425
2.861568 45.525375
2.8615351 45.525356
2.8615201 45.525341
2.861515 45.525318
2.8615019 45.525307
2.8614819 45.525307
2.861418 45.525314
2.861371 45.525333
2.8612959 45.52536
2.8612421 45.525375
2.861192 45.525379
2.8611331 45.525375
2.861109 45.525372
2.8610871 45.52536
2.8610761 45.525345
2.8610761 45.525326
2.861083 45.525311
2.861095 45.525291
2.861094 45.525269
2.8610821 45.525253
2.861064 45.525238
2.861047 45.525234
2.861033 45.525234
2.861007 45.525249
2.8609829 45.525253
2.8609331 45.52523
2.8608789 45.5252
2.8608451 45.5252
2.8607979 45.5252
2.8607349 45.525204
2.860687 45.525204
2.8606069 45.525185
2.860533 45.525169
2.860446 45.52515
2.8603511 45.525139
2.8602159 45.525139
2.860152 45.525139
2.8601019 45.52515
2.8600581 45.525181
2.8599939 45.52523
2.859947 45.525215
2.859899 45.525219
2.859838 45.525234
2.859807 45.525227
2.8597851 45.525211
2.8597291 45.525192
2.8596959 45.525181
2.859648 45.525139
2.859617 45.525127
2.859601 45.525146
2.8595891 45.525131
2.8595669 45.525108
2.8595419 45.525112
2.85952 45.525124
2.8594761 45.525135
2.859437 45.525146
2.859405 45.525146
2.859374 45.525162
2.85935 45.525162
2.8593259 45.525158
2.8593099 45.525143
2.859302 45.525131
2.8592701 45.525112
2.8592429 45.525108
2.85921 45.525112
2.8591609 45.525097
2.859113 45.525085
2.8590961 45.525063
2.8590181 45.525043
2.858978 45.525017
2.8589621 45.525005
2.858963 45.524986
2.858963 45.524963
2.8589571 45.524937
2.858942 45.524925
2.8589139 45.524918
2.8588901 45.524914
2.8588669 45.52491
2.8588331 45.524895
2.858788 45.524864
2.858777 45.524845
2.8587761 45.524834
2.858762 45.524818
2.8587389 45.524807
2.8587101 45.524807
2.858686 45.524792
2.8586299 45.524792
2.8585789 45.524788
2.858551 45.524773
2.858525 45.52475
2.8584759 45.524734
2.858319 45.52475
2.858243 45.524742
2.8581541 45.524689
2.8580821 45.524628
2.8580041 45.524586
2.8579941 45.524559
2.857971 45.52454
2.857919 45.524544
2.8578839 45.524559
2.8578739 45.524578
2.857883 45.524609
2.857877 45.524628
2.8578579 45.524635
2.857758 45.524624
2.857697 45.524612
2.8576319 45.524597
2.857585 45.524601
2.857573 45.52462
2.857548 45.524654
2.8575261 45.524654
2.8574879 45.524643
2.8574359 45.524624
2.8574009 45.524635
2.8573561 45.524654
2.8573091 45.524654
2.8572731 45.524643
2.857249 45.524624
2.8572299 45.524597
2.8571999 45.524567
2.8571661 45.524548
2.857121 45.52454
2.8570499 45.524548
2.8570011 45.524563
2.8569651 45.524555
2.856936 45.524525
2.85692 45.524502
2.8568611 45.524483
2.8568299 45.524479
2.8567779 45.524475
2.856761 45.524464
2.856724 45.524441
2.8567121 45.524406
2.8566861 45.524384
2.8566411 45.524391
2.856621 45.524406
2.856612 45.524429
2.8565719 45.524441
2.8565409 45.524437
2.8564961 45.524426
2.856461 45.524422
2.8564351 45.524426
2.856416 45.524448
2.8564019 45.52446
2.856349 45.524483
2.8562951 45.524479
2.8562651 45.524467
2.8562479 45.524445
2.856214 45.524403
2.8561771 45.524384
2.8561411 45.52438
2.856082 45.524372
2.856034 45.524376
2.8560021 45.524387
2.8559589 45.524387
2.855937 45.52438
2.855921 45.524353
2.855911 45.524323
2.85589 45.524307
2.8558619 45.524311
2.8558099 45.524319
2.8557601 45.524326
2.8557079 45.524342
2.8556769 45.52433
2.8556271 45.524307
2.8555901 45.524307
2.855557 45.524319
2.8555319 45.524307
2.8555231 45.524284
2.855511 45.524258
2.8554809 45.524258
2.855387 45.524239
2.8553319 45.524235
2.855258 45.524235
2.8552029 45.524216
2.855125 45.524197
2.8550539 45.524208
2.854974 45.524197
2.854883 45.524166
2.854821 45.52412
2.854737 45.524082
2.8546369 45.524059
2.854511 45.524055
2.8544381 45.524059
2.8543749 45.524055
2.8543251 45.524052
2.854238 45.524059
2.8541751 45.524059
2.8541 45.524052
2.8540399 45.52404
2.8539729 45.524017
2.8539181 45.523987
2.853858 45.523952
2.853796 45.523895
2.8537271 45.523861
2.853641 45.523853
2.8535559 45.523865
2.8534701 45.523849
2.853389 45.523834
2.853344 45.523811
2.8532701 45.523769
2.8532219 45.523727
2.8531859 45.523708
2.853143 45.523685
2.853085 45.523663
2.853034 45.52364
2.8529379 45.523605
2.85291 45.523586
2.8528781 45.523602
2.852792 45.523617
2.852746 45.523628
2.8527091 45.523636
2.852633 45.523643
2.8525751 45.523651
2.852505 45.523647
2.8524499 45.523636
2.8523991 45.523636
2.8523331 45.523636
2.852267 45.523624
2.8522029 45.523594
2.852164 45.523579
2.8521249 45.523579
2.852026 45.523563
2.8519609 45.523537
2.8518701 45.523518
2.851784 45.523491
2.851732 45.523464
2.851681 45.523438
2.85165 45.523407
2.851583 45.523388
2.851527 45.52338
2.851475 45.52338
2.851387 45.523384
2.8513279 45.523396
2.8512831 45.523396
2.851248 45.523384
2.8511569 45.523335
2.851094 45.523319
2.8510211 45.523308
2.850868 45.523258
2.850714 45.523216
2.850647 45.52322
2.8505991 45.523224
2.850528 45.523232
2.8504381 45.523235
2.850373 45.523232
2.850287 45.523212
2.8502359 45.523209
2.850209 45.523201
2.850178 45.52319
2.850142 45.523178
2.8500919 45.523178
2.85005 45.523167
2.8500249 45.523148
2.8499849 45.523117
2.8499489 45.523087
2.8498471 45.523045
2.8497331 45.52301
2.849643 45.52298
2.849545 45.522919
2.8495181 45.5229
2.849448 45.522789
2.8493249 45.52269
2.8491809 45.522526
2.8491499 45.52235
2.8491299 45.52224
2.8489821 45.52216
2.848845 45.522102
2.848568 45.521999
2.848465 45.521984
2.84832 45.521965
2.848177 45.521988
2.84797 45.52198
2.847863 45.521988
2.8477499 45.521976
2.847578 45.521931
2.84745 45.52187
2.8472159 45.521698
2.8464069 45.521774
2.844732 45.522297
2.8440239 45.52248
2.842911 45.52243
2.842135 45.522243
2.8412499 45.522129
2.8405139 45.522114
2.8382061 45.521927
2.837924 45.521919
2.8371799 45.521896
2.8370409 45.5219
2.8368831 45.521866
2.83672 45.521832
2.8365109 45.521774
2.8363781 45.521729
2.8362789 45.521687
2.8362191 45.521633
2.836143 45.52158
2.836051 45.52153
2.8359711 45.521507
2.835942 45.5215
2.8358729 45.5215
2.835618 45.521374
2.835587 45.521366
2.835459 45.521328
2.8350251 45.52121
2.8348961 45.521183
2.8345661 45.521122
2.8345039 45.521111
2.8343971 45.521107
2.8342559 45.521072
2.834162 45.521076
2.834116 45.521084
2.8340371 45.521088
2.8339641 45.521091
2.833822 45.521095
2.833632 45.521107
2.833153 45.521156
2.8329899 45.521175
2.8327229 45.521194
2.832499 45.521198
2.832346 45.521202
2.83217 45.521217
2.832016 45.521233
2.8318281 45.521275
2.831594 45.521362
2.8314359 45.521412
2.8313601 45.521423
2.8312719 45.521393
2.8312311 45.521385
2.831157 45.521378
2.830996 45.521366
2.830749 45.521351
2.8307481 45.521328
2.8306539 45.521328
2.8305981 45.521332
2.830554 45.521336
2.8303821 45.521366
2.830256 45.521389
2.8302259 45.521393
2.8301201 45.521404
2.8301089 45.521404
2.8300991 45.521404
2.83003 45.521412
2.829973 45.521423
2.8298509 45.521469
2.8297181 45.521538
2.8296731 45.521564
2.829618 45.521603
2.8295569 45.521637
2.8295 45.521683
2.829427 45.521725
2.8293669 45.521767
2.829366 45.521767
2.82935 45.521774
2.8292799 45.521816
2.8291869 45.521866
2.8290911 45.521927
2.8289909 45.521999
2.828903 45.522049
2.828902 45.522083
2.8288839 45.52211
2.828882 45.52211
2.8287871 45.522186
2.8287239 45.522224
2.8287001 45.522255
2.828651 45.52227
2.8285079 45.522289
2.828407 45.522308
2.8283181 45.522346
2.828294 45.5224
2.8282101 45.522457
2.828089 45.522572
2.8279719 45.522655
2.827883 45.522736
2.827837 45.522789
2.8277199 45.522915
2.8276999 45.52301
2.8276861 45.523033
2.8276539 45.523041
2.827512 45.523293
2.826647 45.523666
2.825882 45.524036
2.8254361 45.524254
2.824991 45.52454
2.8243501 45.524948
2.8235641 45.5256
2.8231659 45.525928
2.8208721 45.521427
