2.8208721 45.521427
2.8210189 45.519596
2.8211901 45.515202
2.8292689 45.517132
2.8295889 45.516781
2.8285389 45.516605
2.8256099 45.515793
2.825037 45.515331
2.823956 45.514156
2.8231909 45.513676
2.822875 45.513649
2.822423 45.513851
2.8218429 45.514538
2.82217 45.514706
2.8220971 45.514771
2.819834 45.514385
2.82054 45.517529
2.819602 45.519112
2.821646 45.525269
2.8210051 45.525471
2.8210721 45.52597
2.8208489 45.526344
2.819901 45.527233
2.8196499 45.52737
2.817853 45.527348
2.8178 45.527264
2.8165059 45.527519
2.815661 45.52787
2.814003 45.528217
2.82025 45.529392
2.8217399 45.529766
2.8222499 45.529606
2.822809 45.529739
2.824692 45.53093
2.825736 45.532341
2.8261139 45.532738
2.8262889 45.533127
2.826616 45.533401
2.8271959 45.533585
2.827682 45.534241
2.827791 45.534306
2.828464 45.536171
2.8287261 45.536434
2.8304341 45.536674
2.8311679 45.538025
2.8309441 45.538349
2.831079 45.53894
2.8314531 45.539463
2.831625 45.539909
2.832515 45.540401
2.8346951 45.540646
2.836046 45.542007
2.8362031 45.542255
2.8368959 45.542564
2.8399651 45.543064
2.840631 45.543118
2.8416629 45.543381
2.8430121 45.543304
2.8433471 45.543396
2.8437541 45.543621
2.8508141 45.544403
2.851697 45.544888
2.851932 45.545731
2.852669 45.546173
2.8547411 45.546974
2.8554249 45.547646
2.855818 45.548843
2.8568001 45.549992
2.857111 45.550472
2.8590159 45.550964
2.8630841 45.551334
2.8630509 45.550873
2.862792 45.550694
2.8617201 45.550282
2.861002 45.549671
2.8601689 45.549267
2.8596909 45.549194
2.8594849 45.548935
2.8593941 45.548401
2.8595419 45.547951
2.859545 45.547565
2.859446 45.547283
2.8595791 45.546879
2.8594649 45.54665
2.859494 45.546276
2.859586 45.546211
2.8598781 45.546257
2.8600459 45.546185
2.859436 45.545383
2.8594639 45.544983
2.8592341 45.544647
2.859381 45.544155
2.8588979 45.543777
2.8578119 45.54324
2.858376 45.542686
2.85797 45.54261
2.857538 45.542419
2.856499 45.541569
2.856729 45.54108
2.8573561 45.541023
2.8578551 45.541161
2.85937 45.540722
2.860307 45.540073
2.860462 45.539787
2.8603611 45.539722
2.8606949 45.539524
2.8619449 45.540291
2.8625541 45.540138
2.8631029 45.540264
2.863457 45.540035
2.865386 45.540558
2.866045 45.540436
2.866817 45.540596
2.868933 45.541607
2.8688519 45.541676
2.8692169 45.541874
2.869648 45.542671
2.870085 45.5429
2.8706419 45.543091
2.8706281 45.542912
2.870507 45.542675
2.8707321 45.542641
2.8710649 45.542702
2.8712471 45.542866
2.8711841 45.542999
2.8714099 45.543194
2.871608 45.543484
2.8739021 45.54425
2.874089 45.544022
2.8750019 45.544556
2.8749011 45.54475
2.875567 45.545021
2.876065 45.545132
2.8783309 45.546078
2.8789101 45.546597
2.8797901 45.54718
2.879739 45.547234
2.880075 45.547447
2.8808379 45.546753
2.8790209 45.545437
2.8774731 45.544415
2.877183 45.543709
2.8760991 45.542957
2.875634 45.542759
2.8751431 45.542728
2.874954 45.542606
2.8744481 45.541965
2.8735061 45.541649
2.873461 45.541588
2.8738489 45.541138
2.873888 45.541004
2.87376 45.540733
2.873899 45.540333
2.873925 45.539967
2.873194 45.538364
2.872467 45.537617
2.872297 45.537308
2.8712411 45.536781
2.876796 45.530231
2.8763909 45.530205
2.8758931 45.529953
2.8759129 45.529808
2.8722579 45.528904
2.8713231 45.528908
2.8709791 45.528652
2.871006 45.528564
2.8692451 45.527962
2.8686321 45.527428
2.8685141 45.526688
2.868252 45.526398
2.865531 45.525749
2.8651071 45.526005
2.8649471 45.525948
2.8630681 45.525997
2.862798 45.525768
2.8495181 45.5229
2.8491809 45.522526
2.8491299 45.52224
2.84832 45.521965
2.847578 45.521931
2.8472159 45.521698
2.8464069 45.521774
2.8440239 45.52248
2.842911 45.52243
2.842135 45.522243
2.8412499 45.522129
2.83672 45.521832
2.8348961 45.521183
2.833632 45.521107
2.8318281 45.521275
2.8313601 45.521423
2.830554 45.521336
2.828651 45.52227
2.8283181 45.522346
2.8276539 45.523041
2.827512 45.523293
2.8254361 45.524254
2.8243501 45.524948
2.8231659 45.525928
2.8208721 45.521427
