2.814 45.528
2.814 45.528
2.8141 45.528
2.8144 45.528
2.8145 45.528
2.8146 45.528
2.8148 45.528
2.8148 45.528
2.815 45.528
2.8151 45.528
2.8155 45.528
2.8157 45.528
2.8157 45.528
2.8157 45.528
2.8165 45.528
2.8166 45.528
2.8167 45.528
2.8168 45.528
2.8169 45.527
2.817 45.527
2.817 45.527
2.8171 45.527
2.8171 45.527
2.8171 45.527
2.8172 45.527
2.8172 45.527
2.8173 45.527
2.8174 45.527
2.8175 45.527
2.8175 45.527
2.8176 45.527
2.8176 45.527
2.8176 45.527
2.8178 45.527
2.8179 45.527
2.8179 45.527
2.8179 45.527
2.8179 45.527
2.818 45.527
2.8181 45.527
2.8183 45.527
2.8184 45.527
2.8186 45.527
2.8187 45.527
2.8188 45.527
2.8189 45.527
2.819 45.527
2.8192 45.527
2.8193 45.527
2.8194 45.527
2.8195 45.527
2.8195 45.527
2.8196 45.527
2.8199 45.527
2.8205 45.527
2.8208 45.526
2.821 45.526
2.8211 45.526
2.8211 45.526
2.8211 45.526
2.8211 45.526
2.821 45.526
2.821 45.525
2.8216 45.525
2.8216 45.525
2.8196 45.519
2.8205 45.518
2.8199 45.515
2.8198 45.514
2.8221 45.515
2.8221 45.515
2.8222 45.515
2.8218 45.515
2.8222 45.514
2.8224 45.514
2.8226 45.514
2.8229 45.514
2.8229 45.514
2.8231 45.514
2.8232 45.514
2.8233 45.514
2.8234 45.514
2.8237 45.514
2.824 45.514
2.8241 45.514
2.8242 45.514
2.8243 45.514
2.8244 45.515
2.8245 45.515
2.8247 45.515
2.8247 45.515
2.8247 45.515
2.8247 45.515
2.8248 45.515
2.8249 45.515
2.8249 45.515
2.8249 45.515
2.825 45.515
2.8251 45.515
2.8252 45.516
2.8252 45.516
2.8253 45.516
2.8253 45.516
2.8254 45.516
2.8256 45.516
2.826 45.516
2.8263 45.516
2.8265 45.516
2.8267 45.516
2.827 45.516
2.8274 45.516
2.8275 45.516
2.8281 45.516
2.8285 45.517
2.8296 45.517
2.8297 45.517
2.8298 45.517
2.83 45.516
2.8302 45.516
2.8304 45.516
2.8306 45.515
2.8307 45.515
2.8308 45.515
2.8308 45.515
2.8308 45.514
2.8307 45.514
2.8306 45.514
2.8306 45.514
2.8305 45.514
2.8305 45.514
2.8306 45.514
2.8306 45.514
2.8307 45.514
2.8308 45.514
2.831 45.514
2.8316 45.513
2.8317 45.513
2.8317 45.513
2.8318 45.513
2.8322 45.513
2.833 45.513
2.8337 45.512
2.834 45.512
2.8342 45.512
2.8347 45.512
2.8354 45.512
2.8359 45.511
2.8366 45.511
2.8366 45.511
2.8369 45.511
2.837 45.511
2.8371 45.511
2.8374 45.511
2.8379 45.511
2.8382 45.51
2.8384 45.51
2.8387 45.51
2.8388 45.51
2.8389 45.51
2.8391 45.51
2.8393 45.51
2.8395 45.51
2.8398 45.51
2.8398 45.509
2.8399 45.509
2.8401 45.509
2.8403 45.509
2.8404 45.509
2.8405 45.509
2.8406 45.509
2.8407 45.509
2.8407 45.509
2.8407 45.509
2.8406 45.509
2.8406 45.509
2.8406 45.508
2.8405 45.508
2.8404 45.508
2.8404 45.508
2.8403 45.508
2.8402 45.507
2.8402 45.507
2.8402 45.507
2.8401 45.507
2.8401 45.507
2.84 45.507
2.8399 45.507
2.8399 45.507
2.8398 45.507
2.8397 45.507
2.8396 45.507
2.8394 45.507
2.8393 45.507
2.8391 45.507
2.839 45.507
2.8388 45.507
2.8388 45.507
2.8387 45.507
2.8386 45.507
2.8385 45.507
2.8384 45.507
2.8383 45.507
2.8381 45.507
2.8379 45.507
2.8378 45.507
2.8377 45.507
2.8376 45.507
2.8376 45.507
2.8374 45.507
2.8373 45.507
2.8373 45.507
2.8372 45.507
2.8372 45.507
2.8371 45.507
2.8369 45.507
2.8369 45.507
2.8367 45.507
2.8365 45.507
2.8364 45.507
2.8361 45.507
2.8359 45.507
2.8356 45.507
2.8353 45.507
2.8349 45.506
2.8347 45.506
2.8345 45.506
2.8342 45.506
2.8338 45.506
2.8331 45.506
2.8326 45.506
2.8325 45.506
2.8321 45.505
2.8319 45.505
2.8316 45.505
2.8315 45.505
2.8312 45.505
2.8309 45.505
2.8306 45.505
2.8303 45.505
2.8301 45.505
2.83 45.505
2.8298 45.505
2.8295 45.505
2.8291 45.505
2.8288 45.505
2.8284 45.505
2.8282 45.505
2.8279 45.505
2.8276 45.505
2.8272 45.504
2.827 45.504
2.8269 45.504
2.8267 45.504
2.8265 45.504
2.8263 45.504
2.8261 45.504
2.8259 45.504
2.8257 45.504
2.8256 45.504
2.8254 45.504
2.8253 45.504
2.8249 45.505
2.8243 45.505
2.8241 45.505
2.8238 45.505
2.8237 45.505
2.8235 45.505
2.8233 45.505
2.8232 45.505
2.823 45.505
2.8229 45.505
2.8227 45.505
2.8226 45.505
2.8225 45.505
2.8224 45.505
2.8224 45.505
2.8223 45.505
2.8218 45.505
2.8216 45.505
2.8214 45.506
2.8214 45.506
2.8214 45.506
2.8213 45.506
2.8213 45.506
2.8213 45.506
2.8213 45.506
2.8205 45.506
2.8199 45.506
2.82 45.506
2.8199 45.506
2.8199 45.506
2.8199 45.506
2.8199 45.506
2.8199 45.506
2.8199 45.507
2.8198 45.507
2.8198 45.507
2.8198 45.507
2.8198 45.507
2.8199 45.507
2.8199 45.507
2.8199 45.507
2.8199 45.507
2.8199 45.507
2.8199 45.508
2.8199 45.508
2.82 45.508
2.82 45.508
2.8201 45.508
2.8202 45.508
2.8202 45.508
2.8202 45.509
2.8201 45.509
2.8201 45.509
2.8201 45.509
2.82 45.509
2.8199 45.509
2.8199 45.509
2.8198 45.509
2.8197 45.509
2.8197 45.509
2.8197 45.509
2.8197 45.509
2.8197 45.51
2.8197 45.51
2.8197 45.51
2.8197 45.51
2.8197 45.511
2.8197 45.511
2.8197 45.511
2.8197 45.511
2.8196 45.511
2.8195 45.511
2.8193 45.511
2.8192 45.511
2.8191 45.511
2.8189 45.511
2.8188 45.511
2.8185 45.51
2.8183 45.51
2.8181 45.51
2.818 45.51
2.8178 45.51
2.8175 45.51
2.8174 45.51
2.8172 45.51
2.8171 45.509
2.8168 45.509
2.8167 45.509
2.8167 45.509
2.8166 45.509
2.8165 45.509
2.8164 45.509
2.8161 45.509
2.8161 45.509
2.816 45.509
2.816 45.509
2.8159 45.509
2.8159 45.509
2.8158 45.509
2.8157 45.509
2.8157 45.509
2.8157 45.509
2.8156 45.509
2.8156 45.509
2.8156 45.509
2.8155 45.509
2.8154 45.509
2.8154 45.509
2.8154 45.509
2.8153 45.509
2.8152 45.509
2.8152 45.509
2.8152 45.509
2.8151 45.509
2.815 45.509
2.815 45.509
2.815 45.509
2.8151 45.508
2.8151 45.508
2.8151 45.508
2.8151 45.508
2.815 45.508
2.815 45.508
2.8149 45.508
2.8149 45.508
2.8149 45.508
2.8148 45.508
2.8148 45.508
2.8148 45.508
2.8148 45.508
2.8148 45.508
2.8148 45.508
2.8147 45.508
2.8146 45.508
2.8146 45.508
2.8146 45.508
2.8146 45.508
2.8145 45.508
2.8145 45.508
2.8144 45.508
2.8144 45.508
2.8144 45.508
2.8144 45.507
2.8143 45.507
2.8142 45.507
2.8142 45.507
2.8142 45.507
2.812 45.508
2.8097 45.508
2.8096 45.508
2.8094 45.508
2.8092 45.507
2.8088 45.507
2.8085 45.507
2.808 45.506
2.8073 45.506
2.8071 45.506
2.8071 45.506
2.8071 45.506
2.807 45.505
2.807 45.505
2.8069 45.505
2.8068 45.504
2.8068 45.504
2.8065 45.504
2.806 45.504
2.8057 45.503
2.8056 45.503
2.8056 45.503
2.8055 45.503
2.8055 45.503
2.8054 45.503
2.8052 45.503
2.8047 45.503
2.8045 45.502
2.8044 45.502
2.8043 45.502
2.8042 45.502
2.8042 45.502
2.8042 45.502
2.804 45.502
2.804 45.502
2.8038 45.502
2.8038 45.502
2.8037 45.502
2.8037 45.502
2.8036 45.502
2.8036 45.502
2.8035 45.502
2.8035 45.502
2.8035 45.502
2.8035 45.502
2.8033 45.502
2.8032 45.502
2.8032 45.502
2.8032 45.502
2.8031 45.502
2.803 45.502
2.8029 45.502
2.8028 45.502
2.8028 45.502
2.8027 45.502
2.8026 45.502
2.8025 45.502
2.8025 45.502
2.8024 45.502
2.8023 45.502
2.8022 45.502
2.8021 45.502
2.802 45.502
2.8019 45.502
2.8018 45.502
2.8015 45.502
2.8014 45.502
2.8014 45.502
2.8011 45.502
2.8008 45.502
2.8005 45.503
2.8003 45.503
2.7999 45.503
2.7996 45.503
2.7995 45.503
2.7995 45.503
2.7994 45.503
2.7994 45.503
2.799 45.503
2.7988 45.502
2.7985 45.502
2.7982 45.502
2.7981 45.502
2.798 45.502
2.7979 45.502
2.7978 45.502
2.7977 45.502
2.7977 45.502
2.7976 45.502
2.7975 45.502
2.7975 45.502
2.7974 45.502
2.7973 45.502
2.7971 45.502
2.7971 45.502
2.7969 45.502
2.7968 45.502
2.7968 45.502
2.7967 45.502
2.7966 45.502
2.7966 45.502
2.7966 45.502
2.7965 45.502
2.7964 45.502
2.7964 45.502
2.7963 45.501
2.7963 45.501
2.7963 45.501
2.7963 45.501
2.7963 45.501
2.7962 45.501
2.7961 45.501
2.7961 45.501
2.796 45.501
2.7959 45.501
2.7959 45.501
2.7958 45.501
2.7958 45.501
2.7958 45.501
2.7957 45.501
2.7956 45.501
2.7956 45.501
2.7954 45.501
2.7954 45.501
2.7953 45.501
2.7953 45.5
2.7952 45.5
2.7951 45.5
2.795 45.5
2.7942 45.5
2.7925 45.499
2.7924 45.499
2.7917 45.499
2.7916 45.499
2.7917 45.499
2.7917 45.499
2.7917 45.499
2.7917 45.499
2.7914 45.5
2.7912 45.5
2.791 45.5
2.7899 45.5
2.7899 45.5
2.7897 45.5
2.7897 45.5
2.7896 45.5
2.7895 45.5
2.7895 45.5
2.7895 45.5
2.7894 45.5
2.7893 45.5
2.7893 45.5
2.7891 45.499
2.7888 45.499
2.7887 45.499
2.7886 45.499
2.7881 45.499
2.7879 45.499
2.7875 45.499
2.7871 45.499
2.7873 45.5
2.7873 45.5
2.7872 45.5
2.7871 45.5
2.7869 45.5
2.7867 45.5
2.7865 45.5
2.7862 45.5
2.7861 45.5
2.786 45.5
2.786 45.5
2.7859 45.5
2.7858 45.5
2.7856 45.5
2.7854 45.499
2.7853 45.499
2.7853 45.499
2.7852 45.499
2.7851 45.499
2.7849 45.499
2.7849 45.499
2.7847 45.499
2.7845 45.499
2.7843 45.499
2.7841 45.498
2.7839 45.498
2.7836 45.498
2.7832 45.498
2.7831 45.498
2.7828 45.498
2.7826 45.498
2.7824 45.498
2.7821 45.498
2.782 45.498
2.7819 45.498
2.7819 45.498
2.7819 45.498
2.782 45.498
2.7821 45.498
2.7822 45.498
2.7823 45.498
2.7825 45.499
2.7827 45.499
2.7829 45.499
2.7829 45.499
2.783 45.499
2.7831 45.499
2.7831 45.499
2.7833 45.499
2.7834 45.499
2.7835 45.499
2.7836 45.5
2.7838 45.5
2.7838 45.5
2.7838 45.5
2.7837 45.5
2.7836 45.5
2.7836 45.5
2.7836 45.5
2.7832 45.5
2.783 45.5
2.7828 45.5
2.7825 45.5
2.7823 45.5
2.7822 45.5
2.7819 45.5
2.7817 45.5
2.7817 45.5
2.7818 45.5
2.7818 45.5
2.7819 45.5
2.7821 45.501
2.7821 45.501
2.7821 45.501
2.782 45.501
2.782 45.501
2.7821 45.501
2.7821 45.501
2.7823 45.501
2.7825 45.501
2.7825 45.501
2.7825 45.501
2.7825 45.501
2.7824 45.501
2.7825 45.501
2.781 45.502
2.7808 45.502
2.7805 45.502
2.7799 45.502
2.7795 45.502
2.7784 45.501
2.7781 45.501
2.7777 45.501
2.7771 45.501
2.7767 45.501
2.7765 45.501
2.7762 45.501
2.7757 45.501
2.7756 45.501
2.7752 45.5
2.775 45.5
2.7749 45.5
2.7746 45.5
2.774 45.5
2.7736 45.5
2.7734 45.5
2.773 45.501
2.7727 45.501
2.7721 45.501
2.7719 45.501
2.7713 45.501
2.7712 45.501
2.771 45.501
2.7706 45.501
2.77 45.501
2.77 45.501
2.7698 45.501
2.7697 45.501
2.7696 45.501
2.7695 45.501
2.7693 45.501
2.7691 45.501
2.769 45.5
2.7688 45.5
2.7685 45.5
2.7684 45.5
2.7684 45.5
2.7684 45.5
2.7683 45.5
2.7682 45.5
2.7681 45.5
2.7681 45.5
2.768 45.5
2.7679 45.5
2.7676 45.5
2.7675 45.499
2.7674 45.499
2.7673 45.499
2.7672 45.499
2.7671 45.499
2.7668 45.499
2.7665 45.499
2.7663 45.499
2.7662 45.499
2.766 45.498
2.7661 45.498
2.7662 45.498
2.7663 45.498
2.7663 45.498
2.7665 45.497
2.7663 45.497
2.7661 45.497
2.7655 45.497
2.7652 45.497
2.765 45.497
2.7645 45.496
2.7643 45.496
2.7639 45.496
2.7634 45.496
2.7632 45.496
2.7629 45.496
2.7613 45.496
2.7611 45.496
2.7609 45.496
2.7607 45.496
2.7606 45.496
2.7603 45.496
2.76 45.496
2.7597 45.496
2.7594 45.496
2.7589 45.496
2.7573 45.496
2.7571 45.496
2.757 45.496
2.7569 45.496
2.7568 45.496
2.7567 45.496
2.7566 45.496
2.7563 45.496
2.7561 45.496
2.7558 45.496
2.7555 45.496
2.7554 45.496
2.7553 45.496
2.7552 45.495
2.7551 45.495
2.7551 45.495
2.755 45.496
2.7549 45.496
2.7549 45.496
2.7548 45.496
2.7547 45.495
2.7545 45.495
2.7544 45.495
2.7542 45.495
2.7538 45.495
2.7537 45.495
2.7533 45.495
2.7531 45.495
2.7529 45.495
2.7527 45.495
2.7526 45.494
2.7524 45.494
2.7522 45.494
2.7522 45.494
2.7523 45.494
2.7519 45.494
2.7517 45.494
2.7517 45.494
2.7522 45.493
2.7525 45.493
2.7527 45.493
2.7529 45.493
2.753 45.493
2.753 45.493
2.753 45.492
2.753 45.492
2.753 45.492
2.753 45.492
2.7528 45.492
2.7528 45.492
2.7526 45.492
2.7526 45.492
2.7525 45.492
2.7521 45.492
2.7514 45.492
2.7509 45.493
2.7505 45.493
2.7503 45.493
2.7502 45.493
2.7502 45.493
2.7503 45.492
2.7503 45.492
2.7502 45.492
2.7501 45.492
2.7497 45.492
2.7495 45.492
2.7492 45.492
2.749 45.492
2.749 45.492
2.749 45.491
2.7491 45.491
2.7492 45.491
2.7493 45.491
2.7495 45.491
2.7496 45.491
2.7497 45.49
2.7498 45.49
2.7499 45.49
2.75 45.49
2.75 45.489
2.7502 45.489
2.7502 45.489
2.7502 45.489
2.7502 45.489
2.7502 45.488
2.7502 45.488
2.7501 45.488
2.75 45.488
2.75 45.488
2.7499 45.488
2.7499 45.488
2.7498 45.488
2.7497 45.488
2.7496 45.487
2.7496 45.487
2.7496 45.487
2.7496 45.487
2.7496 45.487
2.7496 45.487
2.7497 45.487
2.7499 45.487
2.75 45.487
2.75 45.487
2.7501 45.486
2.7501 45.486
2.7501 45.486
2.7501 45.486
2.7499 45.486
2.7498 45.485
2.7497 45.485
2.7496 45.485
2.7495 45.485
2.7494 45.485
2.7493 45.485
2.7492 45.485
2.7491 45.485
2.749 45.484
2.7488 45.484
2.7486 45.484
2.7484 45.484
2.7483 45.484
2.7481 45.484
2.7479 45.484
2.7476 45.484
2.7475 45.485
2.7473 45.485
2.7471 45.485
2.747 45.485
2.7467 45.485
2.7466 45.485
2.7463 45.485
2.746 45.485
2.7457 45.485
2.7454 45.485
2.7451 45.485
2.7447 45.485
2.7447 45.485
2.7446 45.485
2.7445 45.485
2.7444 45.485
2.7442 45.485
2.7439 45.485
2.7436 45.485
2.7434 45.485
2.7433 45.485
2.7431 45.485
2.7429 45.485
2.7428 45.485
2.7427 45.485
2.7424 45.485
2.7423 45.485
2.7421 45.485
2.7419 45.485
2.7416 45.485
2.7415 45.485
2.7413 45.485
2.7412 45.485
2.7411 45.485
2.741 45.485
2.7407 45.485
2.7405 45.485
2.7404 45.485
2.7403 45.485
2.74 45.485
2.7399 45.485
2.7395 45.485
2.7394 45.485
2.7392 45.485
2.7391 45.485
2.739 45.485
2.739 45.485
2.7389 45.486
2.7388 45.486
2.7388 45.486
2.7388 45.486
2.7387 45.486
2.7387 45.486
2.7386 45.486
2.7385 45.486
2.7384 45.486
2.7384 45.486
2.7383 45.486
2.7383 45.486
2.7382 45.486
2.7382 45.486
2.7379 45.486
2.738 45.486
2.7381 45.486
2.7382 45.486
2.7382 45.487
2.7381 45.487
2.7381 45.487
2.738 45.487
2.738 45.487
2.7378 45.487
2.7376 45.487
2.7376 45.487
2.7373 45.487
2.7371 45.487
2.7369 45.487
2.7367 45.487
2.7366 45.487
2.7366 45.487
2.7364 45.487
2.7362 45.487
2.7362 45.487
2.7361 45.487
2.7356 45.487
2.7352 45.486
2.7352 45.486
2.7349 45.486
2.7337 45.485
2.7332 45.485
2.733 45.485
2.7327 45.485
2.7324 45.485
2.7323 45.485
2.7323 45.485
2.7321 45.485
2.7321 45.485
2.7321 45.485
2.7319 45.485
2.7315 45.485
2.7313 45.485
2.7307 45.486
2.7305 45.486
2.73 45.486
2.73 45.486
2.7298 45.486
2.7301 45.487
2.7299 45.487
2.7298 45.487
2.7298 45.487
2.7297 45.487
2.7297 45.487
2.7296 45.487
2.7296 45.487
2.7296 45.488
2.7297 45.488
2.7299 45.488
2.7301 45.488
2.7304 45.488
2.7306 45.488
2.7311 45.488
2.7314 45.488
2.7317 45.488
2.7317 45.488
2.7317 45.488
2.7317 45.489
2.7316 45.489
2.7315 45.489
2.7316 45.489
2.7316 45.489
2.7317 45.489
2.7318 45.489
2.732 45.489
2.7321 45.489
2.7322 45.489
2.7323 45.489
2.7323 45.489
2.7323 45.489
2.7323 45.49
2.7322 45.49
2.7321 45.49
2.7319 45.49
2.7317 45.49
2.7314 45.49
2.7313 45.49
2.7311 45.49
2.7309 45.49
2.7306 45.49
2.7305 45.49
2.7307 45.49
2.7308 45.49
2.7309 45.49
2.7309 45.49
2.7306 45.491
2.7305 45.491
2.7301 45.491
2.7295 45.491
2.7292 45.491
2.7292 45.492
2.7292 45.492
2.7275 45.493
2.7278 45.493
2.7279 45.493
2.728 45.493
2.7282 45.493
2.7283 45.493
2.7286 45.493
2.7287 45.493
2.7288 45.493
2.7291 45.493
2.7295 45.493
2.7296 45.493
2.7298 45.493
2.7305 45.493
2.7306 45.493
2.7308 45.493
2.731 45.493
2.7312 45.493
2.7317 45.493
2.7323 45.494
2.7327 45.494
2.7329 45.494
2.7329 45.494
2.733 45.495
2.7329 45.495
2.7329 45.495
2.7328 45.495
2.7327 45.495
2.7326 45.495
2.7326 45.495
2.7325 45.495
2.7323 45.495
2.7321 45.495
2.7318 45.496
2.7318 45.496
2.7324 45.496
2.7322 45.496
2.7321 45.497
2.732 45.497
2.7319 45.497
2.7319 45.497
2.7318 45.497
2.7318 45.498
2.7319 45.498
2.732 45.498
2.7321 45.498
2.7322 45.498
2.7323 45.498
2.7325 45.498
2.7327 45.498
2.7328 45.498
2.733 45.498
2.7344 45.498
2.7355 45.498
2.7373 45.5
2.7374 45.5
2.7375 45.5
2.7379 45.5
2.7384 45.5
2.7389 45.501
2.7392 45.501
2.7392 45.501
2.7398 45.501
2.7399 45.501
2.7402 45.501
2.7414 45.501
2.7415 45.501
2.7414 45.502
2.7414 45.502
2.7414 45.502
2.7414 45.503
2.7423 45.503
2.7431 45.503
2.7444 45.503
2.7455 45.503
2.7464 45.503
2.7472 45.503
2.7474 45.503
2.748 45.503
2.7483 45.503
2.7488 45.503
2.7515 45.503
2.7516 45.503
2.7517 45.503
2.7517 45.503
2.7518 45.503
2.7519 45.503
2.752 45.502
2.7522 45.502
2.7525 45.502
2.7523 45.503
2.752 45.503
2.752 45.503
2.752 45.503
2.7522 45.503
2.7523 45.503
2.7526 45.503
2.7526 45.503
2.7526 45.503
2.7528 45.503
2.7532 45.503
2.7534 45.503
2.7537 45.503
2.7542 45.503
2.7543 45.503
2.7544 45.503
2.7546 45.503
2.7547 45.503
2.7548 45.503
2.7551 45.503
2.7552 45.503
2.7555 45.503
2.7556 45.503
2.7559 45.503
2.7561 45.503
2.7564 45.503
2.7565 45.503
2.7567 45.503
2.7569 45.503
2.7571 45.503
2.7572 45.503
2.7578 45.503
2.7586 45.503
2.7587 45.503
2.7588 45.503
2.759 45.503
2.759 45.503
2.7591 45.503
2.7592 45.503
2.7593 45.503
2.7593 45.503
2.7592 45.503
2.7591 45.503
2.7591 45.503
2.7591 45.503
2.759 45.503
2.7589 45.503
2.7588 45.504
2.7588 45.504
2.7587 45.504
2.7587 45.504
2.7587 45.504
2.7587 45.504
2.7586 45.504
2.7584 45.504
2.7582 45.504
2.7583 45.504
2.7585 45.504
2.7585 45.504
2.7594 45.504
2.7604 45.504
2.7605 45.504
2.7609 45.504
2.7611 45.504
2.7619 45.504
2.7624 45.504
2.7624 45.504
2.7624 45.504
2.7624 45.504
2.7623 45.504
2.7624 45.504
2.7624 45.505
2.7627 45.505
2.7627 45.505
2.7628 45.506
2.763 45.506
2.763 45.506
2.7632 45.506
2.7633 45.507
2.7633 45.507
2.7633 45.507
2.7635 45.507
2.7637 45.507
2.7637 45.507
2.7635 45.508
2.7635 45.508
2.7633 45.508
2.7631 45.508
2.7632 45.508
2.7631 45.508
2.7631 45.508
2.763 45.509
2.7631 45.509
2.7631 45.509
2.7631 45.509
2.7633 45.509
2.7634 45.509
2.7636 45.509
2.7637 45.509
2.7638 45.509
2.764 45.509
2.7641 45.509
2.7643 45.509
2.7646 45.509
2.7646 45.509
2.7646 45.509
2.7646 45.51
2.7645 45.51
2.7645 45.51
2.7646 45.51
2.7646 45.51
2.7647 45.51
2.7647 45.51
2.7649 45.51
2.765 45.51
2.7656 45.51
2.766 45.511
2.7664 45.511
2.7667 45.511
2.7668 45.511
2.7669 45.511
2.7669 45.511
2.7669 45.511
2.7671 45.511
2.7672 45.511
2.7673 45.511
2.7676 45.511
2.7677 45.511
2.7678 45.511
2.768 45.511
2.7684 45.511
2.7686 45.512
2.7688 45.512
2.7689 45.512
2.769 45.512
2.7691 45.512
2.7691 45.512
2.7691 45.512
2.7691 45.512
2.7691 45.512
2.7692 45.512
2.7692 45.512
2.7692 45.513
2.7693 45.513
2.7697 45.513
2.7697 45.513
2.7699 45.513
2.77 45.513
2.7702 45.513
2.7702 45.513
2.7702 45.513
2.7701 45.513
2.7701 45.513
2.77 45.513
2.7699 45.513
2.7698 45.513
2.7698 45.513
2.7698 45.513
2.77 45.513
2.7702 45.513
2.7703 45.513
2.7705 45.513
2.7706 45.513
2.7709 45.513
2.7709 45.513
2.7711 45.513
2.7712 45.513
2.7715 45.513
2.7716 45.513
2.7718 45.513
2.7721 45.513
2.7723 45.513
2.7724 45.513
2.7726 45.513
2.7728 45.513
2.7731 45.513
2.7734 45.513
2.7737 45.513
2.774 45.513
2.7744 45.513
2.7748 45.513
2.7749 45.513
2.775 45.513
2.7752 45.513
2.7755 45.513
2.7757 45.513
2.7759 45.513
2.7759 45.513
2.776 45.513
2.7761 45.513
2.7762 45.513
2.7762 45.513
2.7762 45.514
2.7762 45.514
2.7763 45.514
2.7761 45.514
2.7759 45.514
2.7758 45.514
2.7758 45.514
2.7758 45.514
2.7757 45.515
2.7757 45.515
2.7757 45.515
2.7758 45.516
2.7758 45.516
2.7758 45.516
2.7757 45.517
2.7757 45.517
2.7757 45.517
2.7756 45.517
2.7755 45.517
2.7754 45.517
2.7754 45.517
2.7754 45.517
2.7754 45.517
2.7755 45.518
2.7755 45.518
2.7757 45.518
2.7758 45.519
2.7758 45.519
2.7758 45.519
2.7757 45.519
2.7757 45.519
2.7756 45.519
2.7755 45.519
2.7753 45.519
2.775 45.52
2.7749 45.52
2.7747 45.52
2.7746 45.52
2.7742 45.52
2.7739 45.52
2.7736 45.52
2.7734 45.52
2.7729 45.521
2.7728 45.521
2.7725 45.521
2.7724 45.521
2.7723 45.521
2.7722 45.521
2.7721 45.521
2.772 45.521
2.7719 45.522
2.7719 45.522
2.772 45.522
2.772 45.522
2.7721 45.522
2.7721 45.522
2.7722 45.522
2.7723 45.522
2.7723 45.522
2.7724 45.522
2.7724 45.522
2.7724 45.522
2.7725 45.522
2.7726 45.522
2.7726 45.522
2.7727 45.523
2.7726 45.523
2.7726 45.523
2.7726 45.525
2.7725 45.527
2.7725 45.527
2.7726 45.527
2.7726 45.527
2.7726 45.527
2.7732 45.527
2.774 45.528
2.774 45.528
2.7743 45.528
2.7749 45.528
2.776 45.528
2.7773 45.528
2.7776 45.528
2.7781 45.528
2.7787 45.528
2.7798 45.528
2.7808 45.528
2.7817 45.527
2.782 45.527
2.7822 45.527
2.7826 45.527
2.783 45.527
2.7834 45.527
2.7836 45.527
2.7837 45.526
2.7838 45.526
2.7839 45.526
2.7842 45.526
2.7844 45.525
2.7851 45.525
2.7857 45.525
2.7863 45.525
2.7878 45.526
2.7888 45.526
2.7901 45.527
2.7912 45.527
2.7918 45.527
2.7924 45.527
2.793 45.527
2.7937 45.527
2.794 45.528
2.7945 45.528
2.7949 45.528
2.7952 45.528
2.7954 45.528
2.7955 45.528
2.7955 45.528
2.7957 45.528
2.7957 45.528
2.7957 45.528
2.7958 45.529
2.7959 45.529
2.796 45.53
2.796 45.53
2.7962 45.53
2.7963 45.531
2.7965 45.531
2.7966 45.531
2.7967 45.531
2.7968 45.531
2.7972 45.532
2.7978 45.532
2.7983 45.532
2.7989 45.533
2.7993 45.533
2.7997 45.533
2.7999 45.533
2.7999 45.533
2.7998 45.533
2.7998 45.533
2.7997 45.533
2.7997 45.534
2.7997 45.534
2.7996 45.534
2.7996 45.534
2.7996 45.534
2.7995 45.534
2.7995 45.534
2.7995 45.534
2.7995 45.534
2.7995 45.534
2.7995 45.534
2.7995 45.534
2.7995 45.534
2.7997 45.535
2.7998 45.535
2.7998 45.535
2.7998 45.535
2.7998 45.535
2.7999 45.535
2.8001 45.536
2.8003 45.536
2.8005 45.537
2.8006 45.537
2.8007 45.537
2.8008 45.537
2.8009 45.537
2.8011 45.538
2.8012 45.538
2.8014 45.538
2.8015 45.538
2.8016 45.539
2.8016 45.539
2.8017 45.539
2.8018 45.539
2.8019 45.539
2.8019 45.54
2.8018 45.54
2.8016 45.54
2.8013 45.541
2.801 45.541
2.8011 45.541
2.8012 45.542
2.8014 45.542
2.8016 45.542
2.8019 45.543
2.8019 45.543
2.8019 45.543
2.8019 45.543
2.8018 45.544
2.8017 45.544
2.8015 45.544
2.8015 45.544
2.8016 45.545
2.8016 45.545
2.8012 45.545
2.8012 45.545
2.8011 45.546
2.801 45.546
2.8007 45.546
2.8005 45.546
2.8005 45.546
2.8004 45.546
2.8003 45.546
2.8003 45.546
2.8003 45.546
2.8004 45.547
2.8004 45.547
2.8003 45.547
2.8003 45.547
2.8003 45.547
2.8002 45.548
2.8001 45.548
2.8001 45.548
2.8002 45.548
2.8003 45.548
2.8004 45.548
2.8004 45.549
2.8003 45.549
2.8005 45.55
2.8007 45.55
2.8007 45.55
2.8079 45.547
2.8082 45.546
2.8084 45.546
2.8088 45.546
2.8091 45.546
2.8095 45.547
2.8099 45.547
2.8099 45.547
2.8099 45.547
2.81 45.547
2.8102 45.547
2.8104 45.547
2.8107 45.547
2.8108 45.547
2.8109 45.547
2.811 45.547
2.8112 45.547
2.8114 45.547
2.8115 45.547
2.8116 45.547
2.8116 45.547
2.8117 45.547
2.8118 45.547
2.8119 45.547
2.812 45.547
2.812 45.547
2.8121 45.547
2.8121 45.547
2.8121 45.547
2.8121 45.547
2.8121 45.547
2.8121 45.547
2.8121 45.547
2.8121 45.547
2.8121 45.547
2.812 45.547
2.812 45.546
2.812 45.546
2.812 45.546
2.812 45.546
2.812 45.546
2.812 45.546
2.812 45.546
2.812 45.546
2.8121 45.546
2.8121 45.546
2.8122 45.545
2.8122 45.545
2.8123 45.545
2.8123 45.545
2.8123 45.545
2.8123 45.545
2.8123 45.545
2.8123 45.545
2.8123 45.545
2.8123 45.545
2.8123 45.545
2.8123 45.545
2.8123 45.545
2.8123 45.545
2.8122 45.545
2.8122 45.545
2.8122 45.545
2.8121 45.545
2.8119 45.544
2.8119 45.544
2.8117 45.544
2.8116 45.544
2.8115 45.544
2.8115 45.544
2.8113 45.544
2.8112 45.544
2.8105 45.544
2.8102 45.544
2.8102 45.544
2.8097 45.543
2.8096 45.543
2.8095 45.543
2.8094 45.543
2.8094 45.543
2.8092 45.543
2.8091 45.543
2.8086 45.543
2.8086 45.543
2.8084 45.543
2.8083 45.543
2.8083 45.543
2.8083 45.543
2.8083 45.543
2.8083 45.543
2.8083 45.543
2.8083 45.543
2.8083 45.543
2.8083 45.543
2.8083 45.543
2.8083 45.543
2.8083 45.542
2.8084 45.542
2.8084 45.542
2.8084 45.542
2.8085 45.542
2.8114 45.542
2.8116 45.542
2.8129 45.542
2.8129 45.541
2.8135 45.537
2.8139 45.537
2.8151 45.537
2.8154 45.537
2.816 45.537
2.8162 45.536
2.8163 45.536
2.8164 45.536
2.8164 45.536
2.8165 45.536
2.8166 45.536
2.8167 45.536
2.8168 45.536
2.817 45.536
2.8171 45.536
2.8172 45.536
2.8174 45.536
2.8178 45.536
2.8179 45.536
2.818 45.536
2.8181 45.536
2.8181 45.536
2.8182 45.536
2.8183 45.536
2.8183 45.535
2.8183 45.535
2.8197 45.535
2.8214 45.534
2.8215 45.534
2.8215 45.534
2.8214 45.533
2.8212 45.533
2.8209 45.533
2.8207 45.533
2.8205 45.532
2.8204 45.532
2.8203 45.532
2.8202 45.532
2.8201 45.532
2.8201 45.532
2.8199 45.532
2.8198 45.532
2.8198 45.532
2.8196 45.532
2.8194 45.532
2.8194 45.532
2.8193 45.532
2.819 45.532
2.8189 45.532
2.8188 45.532
2.8188 45.532
2.8188 45.532
2.8188 45.532
2.8188 45.532
2.8188 45.532
2.8187 45.532
2.8187 45.532
2.8187 45.532
2.8187 45.532
2.8186 45.532
2.8186 45.533
2.8185 45.533
2.8185 45.533
2.8185 45.533
2.8185 45.533
2.8185 45.533
2.8185 45.533
2.8185 45.533
2.8183 45.533
2.8181 45.533
2.8179 45.533
2.8178 45.533
2.8178 45.533
2.8177 45.533
2.8176 45.533
2.8176 45.533
2.8174 45.533
2.8172 45.533
2.8171 45.533
2.8169 45.533
2.8168 45.533
2.8166 45.533
2.8165 45.533
2.8164 45.533
2.8163 45.533
2.8162 45.533
2.8161 45.533
2.8159 45.533
2.8158 45.533
2.8158 45.533
2.8145 45.533
2.814 45.533
2.814 45.533
2.814 45.533
2.8139 45.533
2.8138 45.533
2.8137 45.533
2.8136 45.533
2.8136 45.533
2.8136 45.533
2.813 45.533
2.8129 45.533
2.8129 45.532
2.8128 45.532
2.8128 45.532
2.8128 45.532
2.8127 45.532
2.8127 45.532
2.8126 45.532
2.8126 45.532
2.8126 45.532
2.8126 45.532
2.8126 45.532
2.8125 45.532
2.8124 45.532
2.8124 45.532
2.8124 45.532
2.8123 45.532
2.8123 45.532
2.8123 45.532
2.8122 45.532
2.8122 45.532
2.8121 45.532
2.8121 45.532
2.8121 45.532
2.812 45.532
2.8119 45.532
2.8118 45.532
2.8118 45.531
2.8118 45.531
2.8118 45.531
2.8117 45.531
2.8117 45.531
2.8117 45.531
2.8116 45.531
2.8116 45.531
2.8115 45.531
2.8115 45.531
2.8115 45.531
2.8114 45.531
2.8114 45.531
2.8113 45.531
2.8113 45.531
2.8113 45.531
2.8113 45.531
2.8113 45.531
2.8112 45.531
2.8112 45.531
2.8111 45.531
2.8111 45.531
2.8111 45.531
2.811 45.531
2.811 45.531
2.811 45.531
2.811 45.531
2.8111 45.531
2.8111 45.531
2.8112 45.531
2.8112 45.531
2.8112 45.531
2.8112 45.531
2.8113 45.53
2.8114 45.53
2.8115 45.53
2.8115 45.53
2.8115 45.53
2.8115 45.53
2.8115 45.53
2.8116 45.53
2.8116 45.53
2.8116 45.53
2.8116 45.53
2.8116 45.53
2.8116 45.53
2.8117 45.53
2.8118 45.53
2.8119 45.53
2.812 45.53
2.8122 45.53
2.8122 45.53
2.8122 45.53
2.8122 45.53
2.8122 45.53
2.8122 45.53
2.8122 45.529
2.8123 45.529
2.8124 45.529
2.8125 45.529
2.8127 45.529
2.8128 45.529
2.8129 45.529
2.8129 45.529
2.8129 45.529
2.8129 45.529
2.813 45.529
2.813 45.529
2.8131 45.529
2.8132 45.529
2.8133 45.529
2.8133 45.529
2.8133 45.529
2.8132 45.529
2.8131 45.529
2.8132 45.529
2.8132 45.529
2.8133 45.529
2.8134 45.529
2.8135 45.529
2.8135 45.529
2.8135 45.529
2.8135 45.529
2.8135 45.529
2.8136 45.529
2.8136 45.529
2.8137 45.528
2.8138 45.528
2.8138 45.528
2.8138 45.528
2.8139 45.528
2.814 45.528
2.814 45.528
