2.814 45.528
2.8146 45.528
2.8151 45.528
2.8155 45.528
2.8157 45.528
2.8157 45.528
2.8157 45.528
2.8165 45.528
2.8171 45.527
2.8176 45.527
2.8181 45.527
2.8187 45.527
2.8193 45.527
2.8196 45.527
2.8199 45.527
2.8205 45.527
2.8208 45.526
2.821 45.526
2.8211 45.526
2.8211 45.526
2.8211 45.526
2.8211 45.526
2.821 45.526
2.821 45.525
2.8216 45.525
2.8216 45.525
2.8196 45.519
2.8205 45.518
2.8199 45.515
2.8198 45.514
2.8218 45.515
2.8224 45.514
2.8231 45.514
2.8234 45.514
2.8237 45.514
2.824 45.514
2.8245 45.515
2.8251 45.515
2.8256 45.516
2.826 45.516
2.8263 45.516
2.8265 45.516
2.8267 45.516
2.827 45.516
2.8274 45.516
2.8275 45.516
2.8281 45.516
2.8285 45.517
2.8296 45.517
2.83 45.516
2.8308 45.515
2.8305 45.514
2.831 45.514
2.8316 45.513
2.8322 45.513
2.833 45.513
2.8337 45.512
2.834 45.512
2.8342 45.512
2.8347 45.512
2.8354 45.512
2.8359 45.511
2.8366 45.511
2.8371 45.511
2.8374 45.511
2.8379 45.511
2.8387 45.51
2.8393 45.51
2.8399 45.509
2.8405 45.509
2.8407 45.509
2.8407 45.509
2.84 45.507
2.8396 45.507
2.839 45.507
2.8384 45.507
2.8377 45.507
2.8371 45.507
2.8364 45.507
2.8361 45.507
2.8359 45.507
2.8356 45.507
2.8353 45.507
2.8349 45.506
2.8347 45.506
2.8345 45.506
2.8342 45.506
2.8338 45.506
2.8331 45.506
2.8326 45.506
2.8325 45.506
2.8321 45.505
2.8315 45.505
2.8312 45.505
2.8309 45.505
2.8306 45.505
2.8303 45.505
2.8298 45.505
2.8295 45.505
2.8291 45.505
2.8288 45.505
2.8284 45.505
2.8282 45.505
2.8279 45.505
2.8276 45.505
2.8272 45.504
2.827 45.504
2.8265 45.504
2.8259 45.504
2.8253 45.504
2.8249 45.505
2.8243 45.505
2.8237 45.505
2.823 45.505
2.8224 45.505
2.8224 45.505
2.8223 45.505
2.8218 45.505
2.8214 45.506
2.8213 45.506
2.8213 45.506
2.8213 45.506
2.8213 45.506
2.8205 45.506
2.8199 45.506
2.82 45.506
2.8199 45.506
2.8199 45.506
2.8199 45.506
2.8199 45.506
2.8202 45.508
2.8197 45.509
2.8197 45.509
2.8197 45.51
2.8197 45.51
2.8197 45.51
2.8197 45.511
2.8192 45.511
2.8185 45.51
2.8178 45.51
2.8171 45.509
2.8165 45.509
2.816 45.509
2.8153 45.509
2.8149 45.508
2.8148 45.508
2.8142 45.507
2.812 45.508
2.8097 45.508
2.8092 45.507
2.8088 45.507
2.8085 45.507
2.808 45.506
2.8073 45.506
2.8068 45.504
2.8068 45.504
2.8065 45.504
2.806 45.504
2.8052 45.503
2.8047 45.503
2.8045 45.502
2.8037 45.502
2.8028 45.502
2.8021 45.502
2.8015 45.502
2.8011 45.502
2.8008 45.502
2.8005 45.503
2.7996 45.503
2.7994 45.503
2.799 45.503
2.7988 45.502
2.7985 45.502
2.7982 45.502
2.7977 45.502
2.7971 45.502
2.7965 45.502
2.7954 45.501
2.795 45.5
2.7942 45.5
2.7925 45.499
2.7924 45.499
2.7917 45.499
2.7914 45.5
2.7912 45.5
2.791 45.5
2.7899 45.5
2.7891 45.499
2.7886 45.499
2.7881 45.499
2.7879 45.499
2.7875 45.499
2.7865 45.5
2.786 45.5
2.7853 45.499
2.7847 45.499
2.7841 45.498
2.7839 45.498
2.7836 45.498
2.7832 45.498
2.7831 45.498
2.7824 45.498
2.7819 45.498
2.7819 45.498
2.7825 45.499
2.7831 45.499
2.7835 45.499
2.7838 45.5
2.7832 45.5
2.783 45.5
2.7817 45.5
2.7823 45.501
2.7825 45.501
2.781 45.502
2.7808 45.502
2.7805 45.502
2.7799 45.502
2.7795 45.502
2.7784 45.501
2.7781 45.501
2.7777 45.501
2.7771 45.501
2.7767 45.501
2.7765 45.501
2.7762 45.501
2.7757 45.501
2.7756 45.501
2.7752 45.5
2.7746 45.5
2.774 45.5
2.7736 45.5
2.7734 45.5
2.7721 45.501
2.7719 45.501
2.7713 45.501
2.7712 45.501
2.771 45.501
2.7706 45.501
2.77 45.501
2.77 45.501
2.7691 45.501
2.7684 45.5
2.7679 45.5
2.7674 45.499
2.7671 45.499
2.7668 45.499
2.766 45.498
2.7665 45.497
2.7655 45.497
2.7652 45.497
2.765 45.497
2.7645 45.496
2.7643 45.496
2.7639 45.496
2.7634 45.496
2.7632 45.496
2.7629 45.496
2.7613 45.496
2.7607 45.496
2.7606 45.496
2.7603 45.496
2.76 45.496
2.7597 45.496
2.7594 45.496
2.7589 45.496
2.7573 45.496
2.7571 45.496
2.7563 45.496
2.7561 45.496
2.7558 45.496
2.7552 45.495
2.7545 45.495
2.7544 45.495
2.7542 45.495
2.7538 45.495
2.7537 45.495
2.7533 45.495
2.7531 45.495
2.7524 45.494
2.7517 45.494
2.7522 45.493
2.7525 45.493
2.753 45.492
2.7526 45.492
2.7525 45.492
2.7521 45.492
2.7514 45.492
2.7509 45.493
2.7505 45.493
2.7503 45.493
2.7501 45.492
2.7497 45.492
2.7495 45.492
2.749 45.492
2.749 45.492
2.7497 45.49
2.7502 45.489
2.7499 45.488
2.7496 45.487
2.7496 45.487
2.7501 45.486
2.749 45.484
2.7483 45.484
2.7481 45.484
2.7479 45.484
2.7471 45.485
2.7466 45.485
2.7463 45.485
2.746 45.485
2.7451 45.485
2.7445 45.485
2.7436 45.485
2.7429 45.485
2.7423 45.485
2.7416 45.485
2.7407 45.485
2.74 45.485
2.7399 45.485
2.7395 45.485
2.739 45.485
2.7385 45.486
2.7378 45.487
2.7371 45.487
2.7364 45.487
2.7361 45.487
2.7356 45.487
2.7352 45.486
2.7352 45.486
2.7349 45.486
2.7337 45.485
2.7332 45.485
2.733 45.485
2.7327 45.485
2.7323 45.485
2.7319 45.485
2.7315 45.485
2.7313 45.485
2.7307 45.486
2.73 45.486
2.7301 45.487
2.7296 45.487
2.7296 45.488
2.7301 45.488
2.7304 45.488
2.7306 45.488
2.7311 45.488
2.7314 45.488
2.7317 45.488
2.7317 45.488
2.7315 45.489
2.7323 45.489
2.7319 45.49
2.7313 45.49
2.7311 45.49
2.7309 45.49
2.7305 45.49
2.7301 45.491
2.7295 45.491
2.7292 45.492
2.7275 45.493
2.7283 45.493
2.7288 45.493
2.7291 45.493
2.7295 45.493
2.7296 45.493
2.7298 45.493
2.7305 45.493
2.731 45.493
2.7312 45.493
2.7317 45.493
2.7323 45.494
2.7327 45.494
2.7329 45.494
2.7329 45.494
2.733 45.495
2.7325 45.495
2.7318 45.496
2.7318 45.496
2.7324 45.496
2.7318 45.497
2.7323 45.498
2.7328 45.498
2.733 45.498
2.7344 45.498
2.7355 45.498
2.7373 45.5
2.7374 45.5
2.7375 45.5
2.7379 45.5
2.7384 45.5
2.7389 45.501
2.7392 45.501
2.7392 45.501
2.7398 45.501
2.7399 45.501
2.7402 45.501
2.7415 45.501
2.7414 45.502
2.7423 45.503
2.7431 45.503
2.7444 45.503
2.7455 45.503
2.7464 45.503
2.7472 45.503
2.7474 45.503
2.748 45.503
2.7483 45.503
2.7488 45.503
2.7515 45.503
2.7525 45.502
2.7523 45.503
2.752 45.503
2.7528 45.503
2.7532 45.503
2.7534 45.503
2.7537 45.503
2.7542 45.503
2.7543 45.503
2.7548 45.503
2.7555 45.503
2.7561 45.503
2.7564 45.503
2.7565 45.503
2.7571 45.503
2.7572 45.503
2.7578 45.503
2.7586 45.503
2.7593 45.503
2.7587 45.504
2.7587 45.504
2.7587 45.504
2.7582 45.504
2.7594 45.504
2.7604 45.504
2.7611 45.504
2.7619 45.504
2.7624 45.504
2.7623 45.504
2.763 45.506
2.7637 45.507
2.763 45.509
2.7631 45.509
2.7638 45.509
2.7646 45.509
2.7646 45.509
2.7646 45.509
2.7645 45.51
2.7645 45.51
2.765 45.51
2.7656 45.51
2.766 45.511
2.7664 45.511
2.7667 45.511
2.7672 45.511
2.7678 45.511
2.7686 45.512
2.7691 45.512
2.7693 45.513
2.7698 45.513
2.7703 45.513
2.7709 45.513
2.7715 45.513
2.7721 45.513
2.7728 45.513
2.7731 45.513
2.7734 45.513
2.7737 45.513
2.774 45.513
2.7744 45.513
2.7748 45.513
2.7749 45.513
2.7755 45.513
2.7763 45.514
2.7758 45.516
2.7754 45.517
2.7754 45.517
2.7758 45.519
2.7753 45.519
2.7747 45.52
2.7746 45.52
2.7742 45.52
2.7739 45.52
2.7736 45.52
2.7734 45.52
2.7729 45.521
2.7719 45.522
2.7725 45.522
2.7727 45.523
2.7732 45.527
2.774 45.528
2.774 45.528
2.7743 45.528
2.7749 45.528
2.776 45.528
2.7773 45.528
2.7776 45.528
2.7781 45.528
2.7787 45.528
2.7798 45.528
2.7808 45.528
2.7817 45.527
2.782 45.527
2.7822 45.527
2.7826 45.527
2.783 45.527
2.7834 45.527
2.7836 45.527
2.7842 45.526
2.7844 45.525
2.7851 45.525
2.7857 45.525
2.7863 45.525
2.7878 45.526
2.7888 45.526
2.7901 45.527
2.7912 45.527
2.7918 45.527
2.794 45.528
2.7945 45.528
2.7949 45.528
2.7955 45.528
2.796 45.53
2.7968 45.531
2.7972 45.532
2.7978 45.532
2.7983 45.532
2.7989 45.533
2.7993 45.533
2.7997 45.533
2.7999 45.533
2.7995 45.534
2.7995 45.534
2.7995 45.534
2.7995 45.534
2.7995 45.534
2.8001 45.536
2.8008 45.537
2.8014 45.538
2.8019 45.54
2.801 45.541
2.8011 45.541
2.8019 45.543
2.8015 45.544
2.8015 45.544
2.8011 45.546
2.8001 45.548
2.8007 45.55
2.8079 45.547
2.8082 45.546
2.8084 45.546
2.8088 45.546
2.8091 45.546
2.8095 45.547
2.81 45.547
2.8102 45.547
2.8104 45.547
2.811 45.547
2.8116 45.547
2.8121 45.547
2.812 45.546
2.8123 45.545
2.8123 45.545
2.8123 45.545
2.8123 45.545
2.8123 45.545
2.8123 45.545
2.8117 45.544
2.8112 45.544
2.8105 45.544
2.8102 45.544
2.8102 45.544
2.8097 45.543
2.8091 45.543
2.8086 45.543
2.8086 45.543
2.8083 45.543
2.8114 45.542
2.8116 45.542
2.8129 45.542
2.8129 45.541
2.8135 45.537
2.8139 45.537
2.8151 45.537
2.8154 45.537
2.816 45.537
2.8165 45.536
2.8171 45.536
2.8172 45.536
2.8174 45.536
2.8178 45.536
2.8179 45.536
2.8183 45.535
2.8197 45.535
2.8215 45.534
2.8212 45.533
2.8209 45.533
2.8207 45.533
2.8201 45.532
2.8194 45.532
2.8188 45.532
2.8188 45.532
2.8188 45.532
2.8188 45.532
2.8188 45.532
2.8187 45.532
2.8183 45.533
2.8178 45.533
2.8172 45.533
2.8166 45.533
2.8161 45.533
2.8158 45.533
2.8145 45.533
2.814 45.533
2.813 45.533
2.8125 45.532
2.8118 45.531
2.8118 45.531
2.8117 45.531
2.8117 45.531
2.811 45.531
2.811 45.531
2.811 45.531
2.8111 45.531
2.8118 45.53
2.8122 45.529
2.8128 45.529
2.8135 45.529
2.8135 45.529
2.8135 45.529
2.8135 45.529
2.8136 45.529
2.8136 45.529
2.8137 45.528
2.8138 45.528
2.8138 45.528
2.8138 45.528
2.8139 45.528
2.814 45.528
2.814 45.528
