4.736667 45.97
4.730556 45.933056
4.703889 45.789167
4.709722 45.720833
4.687222 45.726667
4.646667 45.869444
4.646142 45.869589
4.646979 45.871046
4.647825 45.872499
4.648681 45.87395
4.649547 45.875399
4.650423 45.876844
4.651309 45.878286
4.652204 45.879726
4.65311 45.881162
4.654025 45.882596
4.654949 45.884026
4.655884 45.885454
4.656828 45.886878
4.657781 45.8883
4.658745 45.889718
4.659718 45.891133
4.6607 45.892544
4.661692 45.893953
4.662694 45.895358
4.663705 45.89676
4.664726 45.898159
4.665756 45.899554
4.666796 45.900946
4.667845 45.902334
4.668903 45.903719
4.669971 45.905101
4.671049 45.906479
4.672135 45.907853
4.673231 45.909224
4.674337 45.910591
4.675451 45.911955
4.676575 45.913315
4.677708 45.914671
4.67885 45.916024
4.680002 45.917372
4.681162 45.918717
4.682332 45.920058
4.683511 45.921396
4.684699 45.922729
4.685896 45.924058
4.687102 45.925384
4.688317 45.926706
4.689541 45.928023
4.690774 45.929337
4.692015 45.930646
4.693266 45.931951
4.694526 45.933253
4.695794 45.93455
4.697071 45.935843
4.698357 45.937131
4.699652 45.938416
4.700956 45.939696
4.702268 45.940972
4.703589 45.942244
4.704918 45.943511
4.706257 45.944774
4.707603 45.946032
4.708959 45.947287
4.710322 45.948536
4.711695 45.949781
4.713076 45.951022
4.714465 45.952258
4.715862 45.953489
4.717268 45.954716
4.718683 45.955939
4.720105 45.957156
4.721536 45.958369
4.722975 45.959577
4.724423 45.960781
4.725878 45.96198
4.727342 45.963173
4.728814 45.964363
4.730294 45.965547
4.731782 45.966726
4.733278 45.967901
4.734782 45.96907
4.736294 45.970235
4.736667 45.97
4.736667 45.97
4.74566628 45.97
4.736667 45.97
4.736667 45.9789993
