2.8224 45.51549
2.82119 45.515201
2.821019 45.519596
2.82102 45.519596
2.821018 45.519619
2.820872 45.521428
2.822986 45.525574
2.822988 45.525577
2.823166 45.525928
2.823564 45.525599
2.82435 45.524948
2.824991 45.524539
2.825436 45.524254
2.825882 45.524037
2.826647 45.523665
2.827512 45.523294
2.827654 45.523041
2.827686 45.523035
2.8277 45.523011
2.82772 45.522913
2.827837 45.522789
2.827883 45.522735
2.827972 45.522657
2.828089 45.52257
2.82821 45.522458
2.828294 45.522398
2.828318 45.522346
2.828407 45.522307
2.828508 45.522289
2.828651 45.52227
2.8287 45.522255
2.828724 45.522226
2.828787 45.522185
2.828882 45.522109
2.828884 45.522109
2.828902 45.522083
2.828903 45.52205
2.828991 45.521998
2.829091 45.521928
2.829187 45.521864
2.82928 45.521816
2.82935 45.521774
2.829366 45.521765
2.829367 45.521765
2.829427 45.521726
2.8295 45.521683
2.829557 45.521638
2.829618 45.521601
2.829673 45.521566
2.829718 45.521539
2.829851 45.521471
2.829973 45.521422
2.83003 45.52141
2.830099 45.521405
2.830109 45.521405
2.83012 45.521404
2.830226 45.521391
2.830256 45.521388
2.830382 45.521368
2.830554 45.521337
2.830598 45.521331
2.830654 45.521327
2.830748 45.521328
2.830751 45.521293
2.830751 45.521292
2.830609 45.521247
2.830477 45.521195
2.830347 45.521092
2.830287 45.521002
2.830291 45.52087
2.830354 45.520727
2.830423 45.520673
2.830704 45.520511
2.830607 45.520431
2.830401 45.520306
2.83025 45.520223
2.830015 45.520119
2.829833 45.520105
2.829704 45.520084
2.829534 45.520025
2.829432 45.519976
2.829336 45.519912
2.829184 45.5198
2.829065 45.5197
2.828931 45.519568
2.82883 45.519436
2.828772 45.519341
2.828728 45.519217
2.828673 45.519018
2.828596 45.518305
2.828605 45.518032
2.828638 45.517937
2.828747 45.517786
2.829003 45.517439
2.829226 45.51718
2.829269 45.51713
2.828417 45.516927
2.8224 45.51549
2.8224 45.51549
2.83139928 45.51549
2.8224 45.51549
2.8224 45.5244893
