3.311111 44.205278
3.294167 44.207778
3.291667 44.208056
3.291389 44.205833
3.289167 44.206667
3.288611 44.200556
3.283889 44.200278
3.278889 44.203611
3.279167 44.207778
3.280556 44.207778
3.2825 44.206111
3.2825 44.211944
3.284444 44.211944
3.288333 44.222778
3.293056 44.224167
3.294722 44.224167
3.295 44.220556
3.293333 44.218889
3.295 44.216389
3.293333 44.214167
3.293333 44.211389
3.294722 44.212778
3.299444 44.214167
3.305556 44.213056
3.306944 44.208889
3.311667 44.206944
3.311111 44.205278
