2.168889 47.082222
2.833333 46.75
2.916667 46.333333
2.927778 46.255556
2.588889 46.259722
2.5 46.229444
2.5 45.436111
2 45.315556
2 44.759444
1.4775 44.780278
1.057778 44.747778
1.070556 44.907222
1.281944 44.948056
1.04 45.5
0.094167 45.5
-0.150278 45.666667
-0.150125 45.666675
-0.150162 45.667025
-0.150201 45.667376
-0.150242 45.667727
-0.150284 45.668077
-0.150327 45.668427
-0.150372 45.668778
-0.150419 45.669128
-0.150467 45.669478
-0.150516 45.669828
-0.150567 45.670177
-0.150619 45.670527
-0.150673 45.670877
-0.150729 45.671226
-0.150786 45.671576
-0.150845 45.671925
-0.150905 45.672274
-0.150966 45.672623
-0.151029 45.672972
-0.151094 45.673321
-0.15116 45.673669
-0.151227 45.674018
-0.151296 45.674366
-0.151367 45.674714
-0.151439 45.675062
-0.151513 45.67541
-0.151588 45.675758
-0.151664 45.676105
-0.151742 45.676453
-0.151822 45.6768
-0.151903 45.677147
-0.151985 45.677494
-0.15207 45.677841
-0.152155 45.678187
-0.152242 45.678533
-0.152331 45.67888
-0.152421 45.679226
-0.152512 45.679571
-0.152605 45.679917
-0.1527 45.680262
-0.152796 45.680607
-0.152893 45.680952
-0.152992 45.681297
-0.153093 45.681642
-0.153195 45.681986
-0.153298 45.68233
-0.153403 45.682674
-0.153509 45.683018
-0.153617 45.683361
-0.153727 45.683705
-0.153838 45.684048
-0.15395 45.68439
-0.154064 45.684733
-0.154179 45.685075
-0.154296 45.685417
-0.154414 45.685759
-0.154534 45.686101
-0.154655 45.686442
-0.154778 45.686783
-0.154902 45.687124
-0.155027 45.687464
-0.155154 45.687804
-0.155283 45.688144
-0.155413 45.688484
-0.155544 45.688824
-0.155677 45.689163
-0.155812 45.689502
-0.155948 45.68984
-0.156085 45.690178
-0.156224 45.690516
-0.156364 45.690854
-0.156506 45.691192
-0.156649 45.691529
-0.156794 45.691866
-0.15694 45.692202
-0.157087 45.692538
-0.157236 45.692874
-0.157387 45.69321
-0.157538 45.693545
-0.157846 45.694215
-0.158056 45.694167
-0.073056 45.821944
0.054167 45.816667
0.917222 46.4375
1.158333 46.416667
1.160556 46.583056
1.658333 46.536111
2.168889 47.082222
2.168889 47.082222
2.17788828 47.082222
2.168889 47.082222
2.168889 47.0912213
