3.159685 45.759929
3.160317 45.75894
3.160774 45.758289
3.160749 45.757663
3.161088 45.757119
3.16259 45.755973
3.163683 45.755592
3.165118 45.755393
3.165871 45.755367
3.166492 45.755432
3.166706 45.755407
3.167413 45.755908
3.168462 45.756697
3.169476 45.757395
3.170549 45.758151
3.169937 45.757987
3.168359 45.757504
3.167029 45.757349
3.1663 45.757326
3.164795 45.757583
3.163913 45.757758
3.163339 45.758343
3.162998 45.758665
3.163056 45.758319
3.163607 45.757758
3.164712 45.757336
3.165853 45.757211
3.166876 45.75721
3.167476 45.757275
3.166262 45.756894
3.165639 45.756759
3.165321 45.756636
3.164675 45.756735
3.163312 45.757281
3.162222 45.757573
3.161833 45.757791
3.161702 45.758153
3.161516 45.758749
3.161049 45.759853
3.16012 45.75983
3.159685 45.759929
3.159685 45.759929
3.16868428 45.759929
3.159685 45.759929
3.159685 45.7689283
