4.399167 45.52
4.411111 45.4275
4.411162 45.427452
4.403105 45.423449
4.394763 45.419745
4.38616 45.41635
4.377317 45.413272
4.36826 45.41052
4.359012 45.408101
4.349599 45.406022
4.340045 45.404289
4.330376 45.402905
4.320618 45.401876
4.310797 45.401202
4.30094 45.400887
4.291073 45.400932
4.281222 45.401335
4.271415 45.402096
4.261676 45.403213
4.252033 45.404684
4.242511 45.406503
4.233136 45.408666
4.223933 45.411167
4.214927 45.414
4.206141 45.417157
4.1976 45.42063
4.197778 45.420833
4.175 45.462778
4.399167 45.52
