3.473056 44.203056
3.473333 44.200556
3.471944 44.197222
3.468889 44.194444
3.466111 44.192222
3.463333 44.190556
3.460556 44.189722
3.458333 44.188889
3.455833 44.188611
3.451667 44.188889
3.446944 44.190833
3.443333 44.191667
3.440556 44.193056
3.4375 44.194722
3.435278 44.197778
3.433611 44.199444
3.432778 44.2025
3.4325 44.208611
3.436389 44.211944
3.44 44.211667
3.444167 44.212222
3.446389 44.211944
3.450556 44.212222
3.454167 44.212222
3.456944 44.213056
3.461111 44.212222
3.465556 44.211389
3.467778 44.211111
3.471111 44.209167
3.472222 44.206111
3.473056 44.203056
3.473056 44.203056
3.48205528 44.203056
3.473056 44.203056
3.473056 44.2120553
