4.399167 45.52
4.411111 45.4275
4.411162 45.427452
4.409175 45.426424
4.40717 45.425414
4.405146 45.424423
4.403105 45.423449
4.401045 45.422495
4.398968 45.421559
4.396874 45.420643
4.394763 45.419745
4.392636 45.418867
4.390493 45.418008
4.388334 45.417169
4.38616 45.41635
4.38397 45.41555
4.381767 45.41477
4.379549 45.414011
4.377317 45.413272
4.375072 45.412553
4.372814 45.411855
4.370543 45.411177
4.36826 45.41052
4.365965 45.409884
4.363659 45.409268
4.361341 45.408674
4.359012 45.408101
4.356673 45.407549
4.354325 45.407019
4.351966 45.40651
4.349599 45.406022
4.347222 45.405556
4.344838 45.405112
4.342445 45.404689
4.340045 45.404289
4.337637 45.40391
4.335223 45.403553
4.332802 45.403218
4.330376 45.402905
4.327943 45.402615
4.325506 45.402346
4.323064 45.4021
4.320618 45.401876
4.318167 45.401674
4.315714 45.401494
4.313257 45.401337
4.310797 45.401202
4.308335 45.40109
4.305871 45.401
4.303406 45.400932
4.30094 45.400887
4.298473 45.400865
4.296006 45.400865
4.293539 45.400887
4.291073 45.400932
4.288608 45.400999
4.286144 45.401089
4.283682 45.401201
4.281222 45.401335
4.278765 45.401492
4.276312 45.401671
4.273861 45.401872
4.271415 45.402096
4.268973 45.402342
4.266535 45.402611
4.264103 45.402901
4.261676 45.403213
4.259256 45.403548
4.256841 45.403905
4.254434 45.404283
4.252033 45.404684
4.24964 45.405106
4.247256 45.40555
4.244879 45.406015
4.242511 45.406503
4.240153 45.407011
4.237804 45.407542
4.235465 45.408093
4.233136 45.408666
4.230818 45.40926
4.228512 45.409875
4.226217 45.410511
4.223933 45.411167
4.221662 45.411845
4.219404 45.412543
4.217159 45.413261
4.214927 45.414
4.212709 45.414759
4.210505 45.415539
4.208316 45.416338
4.206141 45.417157
4.203982 45.417996
4.201839 45.418855
4.199711 45.419733
4.1976 45.42063
4.197778 45.420833
4.175 45.462778
4.399167 45.52
4.399167 45.52
4.40816628 45.52
4.399167 45.52
4.399167 45.5289993
