3.4025 44.197778
3.404444 44.196389
3.406667 44.195556
3.408056 44.194444
3.406389 44.193611
3.405 44.191667
3.403611 44.191389
3.402222 44.190556
3.400278 44.189722
3.395 44.189722
3.388889 44.190556
3.385278 44.190556
3.381389 44.192222
3.375278 44.1925
3.369722 44.1925
3.364722 44.193889
3.361944 44.195278
3.3575 44.198611
3.353611 44.198889
3.350278 44.200278
3.350278 44.207222
3.354444 44.209167
3.361667 44.208333
3.37 44.208333
3.375833 44.206111
3.383611 44.206111
3.386667 44.204444
3.389722 44.204444
3.390556 44.2025
3.394167 44.201667
3.395278 44.2
3.4 44.198611
3.4025 44.197778
3.4025 44.197778
3.41149928 44.197778
3.4025 44.197778
3.4025 44.2067773
