2.99 45.812222
3.034722 45.806667
3.034669 45.806665
3.034855 45.80391
3.035074 45.801156
3.035326 45.798403
3.035611 45.795652
3.035928 45.792902
3.036277 45.790154
3.03666 45.787409
3.037074 45.784666
3.037522 45.781925
3.038001 45.779187
3.038513 45.776452
3.039058 45.773719
3.039635 45.77099
3.040244 45.768265
3.040886 45.765543
3.041559 45.762825
3.042265 45.760111
3.043003 45.757401
3.043773 45.754695
3.044575 45.751994
3.045409 45.749298
3.046274 45.746606
3.047172 45.74392
3.048101 45.741239
3.049062 45.738563
3.050055 45.735893
3.051079 45.733229
3.052134 45.73057
3.053221 45.727918
3.054339 45.725273
3.055489 45.722633
3.056669 45.720001
3.057881 45.717375
3.059123 45.714757
3.060397 45.712146
3.061701 45.709542
3.063036 45.706946
3.064401 45.704357
3.065797 45.701777
3.067224 45.699205
3.068681 45.696641
3.070168 45.694085
3.071684 45.691539
3.073231 45.689001
3.074808 45.686472
3.076415 45.683952
3.078051 45.681441
3.079717 45.67894
3.081412 45.676449
3.083137 45.673968
3.08489 45.671497
3.086673 45.669035
3.088485 45.666585
3.090325 45.664144
3.092194 45.661715
3.094092 45.659296
3.096018 45.656889
3.097972 45.654492
3.099955 45.652107
3.101965 45.649733
3.104004 45.647372
3.10607 45.645021
3.108163 45.642683
3.110285 45.640357
3.112433 45.638044
3.114608 45.635743
3.116811 45.633454
3.11904 45.631178
3.121296 45.628916
3.123579 45.626666
3.125887 45.624429
3.128222 45.622206
3.130584 45.619997
3.132971 45.617801
3.135383 45.615619
3.137821 45.613451
3.138611 45.613889
3.002778 45.599722
2.995833 45.737222
2.993333 45.789167
2.99 45.812222
2.99 45.812222
2.99899928 45.812222
2.99 45.812222
2.99 45.8212213
