2.99 45.812222
3.034669 45.806665
3.035326 45.798403
3.036277 45.790154
3.037522 45.781925
3.039058 45.773719
3.040886 45.765543
3.043003 45.757401
3.045409 45.749298
3.048101 45.741239
3.051079 45.733229
3.054339 45.725273
3.057881 45.717375
3.061701 45.709542
3.065797 45.701777
3.070168 45.694085
3.074808 45.686472
3.079717 45.67894
3.08489 45.671497
3.090325 45.664144
3.096018 45.656889
3.101965 45.649733
3.108163 45.642683
3.114608 45.635743
3.121296 45.628916
3.128222 45.622206
3.135383 45.615619
3.137821 45.613451
3.138611 45.613889
3.002778 45.599722
2.995833 45.737222
2.993333 45.789167
2.99 45.812222
