2.976389 47.070833
2.894444 46.8625
2.696389 46.742778
2.696417 46.742623
2.691731 46.74224
2.68704 46.741888
2.682344 46.74157
2.677644 46.741284
2.672939 46.741031
2.668231 46.74081
2.66352 46.740623
2.658807 46.740468
2.654091 46.740346
2.649374 46.740256
2.644656 46.7402
2.639937 46.740176
2.635218 46.740185
2.6305 46.740227
2.625782 46.740302
2.621066 46.740409
2.616351 46.74055
2.611639 46.740723
2.60693 46.740929
2.602224 46.741167
2.597521 46.741439
2.592823 46.741743
2.58813 46.74208
2.583442 46.742449
2.578759 46.742851
2.574083 46.743285
2.569413 46.743752
2.564751 46.744252
2.560096 46.744784
2.555449 46.745348
2.55081 46.745944
2.546181 46.746573
2.541561 46.747234
2.536951 46.747927
2.532352 46.748652
2.527763 46.749409
2.523186 46.750198
2.518621 46.751018
2.514068 46.75187
2.509527 46.752754
2.505001 46.75367
2.500487 46.754617
2.495988 46.755595
2.491504 46.756605
2.487035 46.757645
2.482581 46.758717
2.478143 46.759819
2.473722 46.760953
2.469318 46.762117
2.464931 46.763312
2.460562 46.764537
2.456211 46.765792
2.451879 46.767078
2.447566 46.768393
2.443273 46.769739
2.438999 46.771114
2.434747 46.77252
2.430515 46.773954
2.426304 46.775418
2.422116 46.776911
2.41795 46.778433
2.413806 46.779984
2.409685 46.781564
2.405588 46.783173
2.401515 46.784809
2.397466 46.786475
2.393442 46.788168
2.389444 46.789889
2.385471 46.791637
2.381523 46.793414
2.377603 46.795217
2.373709 46.797048
2.374167 46.7975
2.558056 46.9175
2.7875 46.940556
2.826389 47.005556
2.821667 47.041389
2.976389 47.070833
2.976389 47.070833
2.98538828 47.070833
2.976389 47.070833
2.976389 47.0798323
