3.883056 43.864167
3.998889 43.7625
3.756678 43.754158
3.746456 43.747259
3.73666 43.740046
3.727309 43.732531
3.718419 43.72473
3.710009 43.716658
3.702092 43.708329
3.694685 43.699759
3.687801 43.690964
3.681453 43.681962
3.675652 43.672768
3.67041 43.663401
3.665735 43.653879
3.661637 43.644218
3.660401 43.640971
3.661111 43.640833
3.717778 43.57
4.033333 43.35
3.716111 43.25
3.568056 43.09
3.385833 43.0225
3.338333 42.987222
3.325 43
3.109444 43.074722
3.181111 43.156944
3.117222 43.208333
3.353333 43.206667
3.414444 43.208333
3.563889 43.305556
3.548889 43.44
3.431944 43.44
3.5 43.6025
3.5 43.680278
3.883056 43.864167
