2.976389 47.070833
2.894444 46.8625
2.696389 46.742778
2.696417 46.742623
2.682344 46.74157
2.668231 46.74081
2.654091 46.740346
2.639937 46.740176
2.625782 46.740302
2.611639 46.740723
2.597521 46.741439
2.583442 46.742449
2.569413 46.743752
2.555449 46.745348
2.541561 46.747234
2.527763 46.749409
2.514068 46.75187
2.500487 46.754617
2.487035 46.757645
2.473722 46.760953
2.460562 46.764537
2.447566 46.768393
2.434747 46.77252
2.422116 46.776911
2.409685 46.781564
2.397466 46.786475
2.385471 46.791637
2.373709 46.797048
2.374167 46.7975
2.558056 46.9175
2.7875 46.940556
2.826389 47.005556
2.821667 47.041389
2.976389 47.070833
