3.883056 43.864167
3.998889 43.7625
3.756667 43.754167
3.756678 43.754158
3.754946 43.753031
3.753225 43.751894
3.751515 43.750749
3.749817 43.749594
3.748131 43.748431
3.746456 43.747259
3.744793 43.746078
3.743143 43.744889
3.741504 43.743691
3.739877 43.742484
3.738262 43.741269
3.73666 43.740046
3.73507 43.738814
3.733493 43.737574
3.731928 43.736325
3.730375 43.735069
3.728836 43.733804
3.727309 43.732531
3.725795 43.731251
3.724293 43.729962
3.722805 43.728666
3.72133 43.727362
3.719868 43.72605
3.718419 43.72473
3.716984 43.723403
3.715562 43.722069
3.714153 43.720727
3.712758 43.719378
3.711376 43.718021
3.710009 43.716658
3.708654 43.715287
3.707314 43.713909
3.705988 43.712524
3.704675 43.711132
3.703377 43.709734
3.702092 43.708329
3.700822 43.706916
3.699566 43.705498
3.698324 43.704073
3.697097 43.702641
3.695884 43.701203
3.694685 43.699759
3.693501 43.698308
3.692332 43.696851
3.691177 43.695388
3.690037 43.693919
3.688912 43.692445
3.687801 43.690964
3.686706 43.689478
3.685625 43.687985
3.684559 43.686488
3.683509 43.684984
3.682473 43.683476
3.681453 43.681962
3.680448 43.680442
3.679458 43.678917
3.678483 43.677388
3.677524 43.675853
3.676581 43.674313
3.675652 43.672768
3.674739 43.671219
3.673842 43.669664
3.672961 43.668105
3.672095 43.666542
3.671244 43.664974
3.67041 43.663401
3.669591 43.661825
3.668788 43.660244
3.668001 43.658658
3.66723 43.657069
3.666475 43.655476
3.665735 43.653879
3.665012 43.652278
3.664305 43.650673
3.663614 43.649065
3.662939 43.647453
3.66228 43.645837
3.661637 43.644218
3.661011 43.642596
3.660401 43.640971
3.661111 43.640833
3.717778 43.57
4.033333 43.35
3.716111 43.25
3.568056 43.09
3.385833 43.0225
3.355556 43
3.338333 42.987222
3.325 43
3.109444 43.074722
3.181111 43.156944
3.117222 43.208333
3.353333 43.206667
3.414444 43.208333
3.563889 43.305556
3.548889 43.44
3.431944 43.44
3.5 43.6025
3.5 43.680278
3.690278 43.771667
3.883056 43.864167
3.883056 43.864167
3.89205528 43.864167
3.883056 43.864167
3.883056 43.8731663
