4.816667 46.433333
5.407778 46.363333
5.576389 46.237222
5.570593 46.060276
5.57026 46.055055
5.57019 46.049829
5.570381 46.044604
5.570835 46.039387
5.571549 46.034184
5.572523 46.029001
5.573756 46.023845
5.575247 46.018722
5.576993 46.013638
5.578992 46.008599
5.581241 46.003611
5.583739 45.998681
5.586482 45.993814
5.590514 45.987434
5.594966 45.98119
5.599829 45.975095
5.600278 45.975278
5.485556 45.916667
5.450556 45.856111
5.544444 45.52
5.618889 45.449167
5.618889 45.311389
5.600278 45.287778
5.555833 45.269167
5.435 45.246389
5.301944 45.066111
5.201667 45.066111
5.006111 44.801111
4.961111 44.666667
4.745 44.666667
4.714722 44.924167
4.616667 45.283333
4.290278 45.923889
4.203611 46.086111
4.661389 46.203611
4.816667 46.433333
