3.567778 44.401111
3.565833 44.403333
3.566389 44.405278
3.563611 44.405278
3.557222 44.411667
3.556111 44.409444
3.551667 44.4125
3.550833 44.416111
3.549444 44.414444
3.5475 44.416667
3.545833 44.415833
3.544167 44.418056
3.545833 44.42
3.562222 44.421944
3.564722 44.422778
3.568333 44.423611
3.574722 44.4225
3.583889 44.420833
3.594167 44.415278
3.589444 44.409722
3.586667 44.4075
3.591667 44.405833
3.596111 44.401389
3.592778 44.399167
3.591667 44.389444
3.593056 44.384167
3.591667 44.3825
3.585 44.371667
3.583333 44.375556
3.586111 44.384444
3.580556 44.39
3.584444 44.391944
3.578333 44.398889
3.582778 44.401944
3.582222 44.403611
3.581111 44.4025
3.581667 44.401667
3.578611 44.400556
3.567778 44.401111
3.567778 44.401111
3.57677728 44.401111
3.567778 44.401111
3.567778 44.4101103
