3.25479 45.526902
3.254636 45.528238
3.254179 45.52954
3.253429 45.530773
3.252407 45.531905
3.251138 45.532909
3.249656 45.533756
3.248 45.534427
3.246211 45.534902
3.244336 45.53517
3.242424 45.535224
3.240525 45.535062
3.238687 45.534689
3.236959 45.534115
3.235384 45.533353
3.234005 45.532425
3.232855 45.531353
3.231967 45.530167
3.231361 45.528895
3.231054 45.527572
3.231055 45.526232
3.231362 45.524909
3.231968 45.523638
3.232857 45.522452
3.234006 45.52138
3.235386 45.520452
3.23696 45.519691
3.238688 45.519116
3.240526 45.518744
3.242424 45.518582
3.244336 45.518636
3.24621 45.518904
3.247998 45.519379
3.249655 45.520049
3.251137 45.520897
3.252405 45.5219
3.253428 45.523032
3.254178 45.524265
3.254636 45.525567
3.25479 45.526902
