3.431389 44.188056
3.431389 44.186944
3.430278 44.184722
3.43 44.183333
3.428056 44.182222
3.426667 44.180278
3.426944 44.179444
3.426111 44.177778
3.423611 44.178056
3.4225 44.177778
3.419722 44.1775
3.416667 44.177778
3.414722 44.177778
3.411389 44.178889
3.409167 44.179722
3.406944 44.180278
3.405 44.180833
3.403611 44.180833
3.401944 44.181667
3.400556 44.1825
3.399722 44.183056
3.398333 44.184167
3.397222 44.185833
3.396389 44.186944
3.396111 44.187778
3.396389 44.19
3.397222 44.191389
3.3975 44.193611
3.397778 44.194444
3.398333 44.195833
3.399722 44.196667
3.400833 44.197778
3.401667 44.198611
3.402222 44.199167
3.404167 44.2
3.410556 44.2
3.414444 44.199722
3.416667 44.199167
3.419444 44.198889
3.421111 44.198611
3.4225 44.198056
3.424444 44.197778
3.426944 44.195833
3.429167 44.194167
3.430556 44.1925
3.431389 44.189444
3.431389 44.188056
3.431389 44.188056
3.44038828 44.188056
3.431389 44.188056
3.431389 44.1970553
