2.798811 45.614442
2.798504 45.617113
2.797588 45.619716
2.796087 45.622182
2.794039 45.624448
2.791498 45.626455
2.78853 45.62815
2.78521 45.629491
2.781627 45.630442
2.777871 45.630978
2.774041 45.631086
2.770236 45.630763
2.766554 45.630017
2.763091 45.628867
2.759937 45.627344
2.757174 45.625487
2.754872 45.623344
2.753092 45.62097
2.751879 45.618428
2.751266 45.615782
2.751267 45.613101
2.751882 45.610456
2.753097 45.607914
2.754878 45.60554
2.757181 45.603398
2.759944 45.601542
2.763098 45.600019
2.766559 45.598871
2.770239 45.598125
2.774042 45.597802
2.777869 45.59791
2.781623 45.598446
2.785205 45.599396
2.788523 45.600736
2.791491 45.602431
2.794032 45.604437
2.796081 45.606702
2.797584 45.609168
2.798502 45.61177
2.798811 45.614442
