3.024943 45.411173
3.024124 45.411534
3.023112 45.410843
3.022824 45.409578
3.02328 45.409202
3.024135 45.408878
3.024183 45.408736
3.023313 45.408382
3.023296 45.40814
3.023429 45.407886
3.023147 45.407681
3.022959 45.407762
3.021995 45.407732
3.020614 45.407438
3.020343 45.407909
3.01901 45.409105
3.018364 45.409513
3.016788 45.409894
3.016443 45.409891
3.015964 45.40948
3.01439 45.409557
3.013302 45.40867
3.012552 45.408616
3.012991 45.407012
3.014151 45.407016
3.014989 45.407359
3.015453 45.406764
3.016738 45.406578
3.016716 45.406424
3.019796 45.405134
3.02068 45.405054
3.021419 45.405496
3.02378 45.40594
3.025678 45.407253
3.026071 45.407764
3.026403 45.40808
3.026426 45.40916
3.026187 45.409668
3.025682 45.409794
3.025851 45.409892
3.025481 45.411197
3.025417 45.411076
3.024943 45.411173
