3.024943 45.411173
3.024792 45.411287
3.024742 45.411316
3.024693 45.411346
3.024646 45.411372
3.024599 45.411401
3.024554 45.411423
3.024512 45.411439
3.024469 45.411449
3.024356 45.411463
3.024289 45.411476
3.024229 45.41149
3.024174 45.411512
3.024124 45.411534
3.023869 45.411369
3.023717 45.41127
3.023432 45.411087
3.02313 45.410891
3.023114 45.410865
3.023112 45.410843
3.02302 45.41044
3.022902 45.409922
3.022824 45.409578
3.022969 45.409431
3.023068 45.409346
3.023193 45.409252
3.02328 45.409202
3.023504 45.40911
3.023686 45.409053
3.023785 45.409022
3.023811 45.409013
3.023977 45.408957
3.024129 45.408896
3.024135 45.408878
3.024183 45.408736
3.024066 45.408638
3.023975 45.408614
3.023875 45.408615
3.023793 45.4086
3.023727 45.408559
3.023572 45.408465
3.023433 45.408424
3.023313 45.408382
3.023296 45.40814
3.023361 45.407991
3.023429 45.407886
3.023329 45.407774
3.023221 45.407706
3.023147 45.407681
3.023061 45.407705
3.022959 45.407762
3.022571 45.407711
3.022426 45.407691
3.02215 45.407677
3.022064 45.407703
3.021995 45.407732
3.021492 45.407625
3.020951 45.40751
3.020614 45.407438
3.020466 45.407695
3.020343 45.407909
3.020119 45.408122
3.020021 45.408216
3.019925 45.408307
3.01969 45.408512
3.019649 45.408549
3.01933 45.408827
3.01901 45.409105
3.018711 45.409294
3.018364 45.409513
3.017907 45.409661
3.017695 45.40973
3.01734 45.409824
3.017068 45.409896
3.016936 45.409894
3.016788 45.409894
3.016443 45.409891
3.016226 45.409704
3.015964 45.40948
3.015742 45.409535
3.015471 45.409565
3.015195 45.409583
3.01498 45.40959
3.014729 45.409576
3.01439 45.409557
3.014268 45.409465
3.014233 45.409437
3.01393 45.409202
3.013698 45.409009
3.013454 45.408801
3.013302 45.40867
3.013168 45.408668
3.013094 45.408659
3.012946 45.408619
3.012833 45.408611
3.012552 45.408616
3.012577 45.408525
3.012648 45.408264
3.01272 45.408001
3.012778 45.407789
3.012843 45.407553
3.012852 45.407522
3.012903 45.407334
3.012959 45.407128
3.012991 45.407012
3.013123 45.407013
3.013652 45.407013
3.013789 45.407014
3.013937 45.407015
3.014151 45.407016
3.014533 45.407181
3.014587 45.407202
3.014989 45.407359
3.015029 45.407308
3.015167 45.407136
3.015262 45.407017
3.015344 45.406908
3.015453 45.406764
3.015625 45.406719
3.015844 45.406661
3.016172 45.406629
3.01642 45.406605
3.016738 45.406578
3.016707 45.406448
3.016699 45.40643
3.016716 45.406424
3.01693 45.406344
3.016945 45.40634
3.01711 45.406291
3.017127 45.406286
3.017335 45.40624
3.017467 45.406205
3.017646 45.406157
3.017701 45.406142
3.017829 45.406101
3.017952 45.40605
3.018069 45.405992
3.018116 45.405971
3.018291 45.405883
3.01851 45.405773
3.018771 45.405643
3.018931 45.405564
3.019073 45.405493
3.019391 45.405335
3.019796 45.405134
3.020005 45.405094
3.020083 45.40508
3.020196 45.40506
3.020472 45.405045
3.020605 45.405046
3.02068 45.405054
3.020797 45.405126
3.020956 45.405226
3.021117 45.405327
3.021198 45.405378
3.021236 45.405398
3.021419 45.405496
3.021655 45.405572
3.021832 45.405603
3.021875 45.405607
3.022001 45.40562
3.022236 45.405634
3.022291 45.405639
3.02244 45.405651
3.022847 45.405717
3.023366 45.405827
3.023602 45.405884
3.02378 45.40594
3.024121 45.406095
3.024354 45.406231
3.024368 45.406239
3.024483 45.406328
3.024528 45.406363
3.024544 45.406377
3.024612 45.406434
3.024714 45.40652
3.0249 45.406707
3.024938 45.406721
3.025085 45.406818
3.025264 45.406941
3.025482 45.407076
3.025588 45.407151
3.025678 45.407253
3.02578 45.407402
3.025807 45.407441
3.025892 45.40759
3.025919 45.40764
3.025986 45.407704
3.026071 45.407764
3.026179 45.407823
3.026297 45.407866
3.02632 45.407922
3.026295 45.407928
3.026401 45.408054
3.026403 45.40808
3.026374 45.408123
3.026366 45.408149
3.026365 45.408197
3.02638 45.408286
3.02637 45.408341
3.026374 45.408375
3.026386 45.408441
3.026411 45.408485
3.026466 45.408569
3.026473 45.408586
3.026486 45.408614
3.026481 45.408665
3.026481 45.408734
3.026497 45.408805
3.026466 45.408898
3.026497 45.408968
3.0265 45.409001
3.026485 45.409078
3.026459 45.409115
3.026426 45.40916
3.026383 45.40929
3.026355 45.409308
3.026347 45.409315
3.026346 45.409315
3.0263 45.409348
3.026282 45.409377
3.026271 45.409398
3.026267 45.409485
3.026272 45.409575
3.026262 45.409611
3.026236 45.409641
3.026187 45.409668
3.026051 45.40973
3.026028 45.409736
3.025974 45.409724
3.025933 45.409723
3.025752 45.409749
3.025675 45.409767
3.025682 45.409794
3.025731 45.409844
3.025851 45.409892
3.025818 45.410009
3.025745 45.410267
3.025682 45.410486
3.025615 45.410726
3.025559 45.410922
3.025481 45.411197
3.025417 45.411076
3.025306 45.411057
3.025255 45.411055
3.025207 45.411069
3.025055 45.411122
3.024991 45.411146
3.024943 45.411173
3.024943 45.411173
3.03394228 45.411173
3.024943 45.411173
3.024943 45.4201723
