2.852222 46.775833
2.879444 46.542222
2.75 46.5
2.602778 46.45
1.94 46.511389
2.374167 46.7975
2.3737 46.797039
2.379483 46.794334
2.385325 46.791689
2.391224 46.789105
2.397179 46.786581
2.403189 46.78412
2.409251 46.78172
2.415366 46.779384
2.421531 46.77711
2.427745 46.774901
2.434007 46.772756
2.440314 46.770675
2.446667 46.76866
2.453063 46.766711
2.459501 46.764828
2.465979 46.763011
2.472496 46.761262
2.479051 46.759579
2.485642 46.757965
2.492267 46.756419
2.498926 46.754941
2.505615 46.753532
2.512335 46.752192
2.519084 46.750922
2.525859 46.749722
2.53266 46.748591
2.539485 46.747531
2.546332 46.746541
2.5532 46.745622
2.560087 46.744774
2.566992 46.743996
2.573913 46.743291
2.580849 46.742656
2.587798 46.742094
2.594758 46.741603
2.601729 46.741184
2.608707 46.740836
2.615693 46.740561
2.622684 46.740358
2.629678 46.740227
2.636674 46.740168
2.643671 46.740181
2.650667 46.740267
2.65766 46.740424
2.664649 46.740654
2.671633 46.740955
2.678608 46.741329
2.685575 46.741775
2.692532 46.742292
2.699476 46.742881
2.706407 46.743541
2.713322 46.744273
2.720221 46.745077
2.727101 46.745951
2.733962 46.746896
2.740801 46.747912
2.747617 46.748998
2.754409 46.750154
2.761174 46.75138
2.767912 46.752676
2.774621 46.754041
2.7813 46.755475
2.787946 46.756978
2.794559 46.75855
2.801137 46.760189
2.807678 46.761896
2.814181 46.76367
2.820645 46.765511
2.827067 46.767419
2.833447 46.769392
2.839784 46.771431
2.846075 46.773535
2.852319 46.775704
2.852222 46.775833
2.852222 46.775833
2.86122128 46.775833
2.852222 46.775833
2.852222 46.7848323
