2.852222 46.775833
2.879444 46.542222
2.75 46.5
2.602778 46.45
1.94 46.511389
2.374167 46.7975
2.3737 46.797039
2.385325 46.791689
2.397179 46.786581
2.409251 46.78172
2.421531 46.77711
2.434007 46.772756
2.446667 46.76866
2.459501 46.764828
2.472496 46.761262
2.485642 46.757965
2.498926 46.754941
2.512335 46.752192
2.525859 46.749722
2.539485 46.747531
2.5532 46.745622
2.566992 46.743996
2.580849 46.742656
2.594758 46.741603
2.608707 46.740836
2.622684 46.740358
2.636674 46.740168
2.650667 46.740267
2.664649 46.740654
2.678608 46.741329
2.692532 46.742292
2.706407 46.743541
2.720221 46.745077
2.733962 46.746896
2.747617 46.748998
2.761174 46.75138
2.774621 46.754041
2.787946 46.756978
2.801137 46.760189
2.814181 46.76367
2.827067 46.767419
2.839784 46.771431
2.852319 46.775704
2.852222 46.775833
