2.571944 44.8475
2.458889 44.927778
2.458805 44.927718
2.455228 44.930026
2.451399 44.932122
2.447344 44.933992
2.443089 44.935625
2.438661 44.93701
2.43409 44.938137
2.429406 44.939
2.424638 44.939592
2.419818 44.93991
2.414978 44.939952
2.410148 44.939718
2.405362 44.939208
2.400649 44.938426
2.39604 44.937378
2.391566 44.93607
2.387256 44.934511
2.383137 44.932711
2.379238 44.930682
2.375582 44.928437
2.372194 44.92599
2.369096 44.923357
2.366308 44.920556
2.363849 44.917606
2.361733 44.914524
2.359976 44.911332
2.358588 44.908049
2.357578 44.904698
2.356952 44.901301
2.356716 44.897878
2.35687 44.894453
2.357413 44.891049
2.358342 44.887686
2.35965 44.884387
2.361329 44.881174
2.363368 44.878067
2.365753 44.875086
2.36847 44.872252
2.3715 44.869582
2.374823 44.867093
2.375 44.867222
2.486111 44.790556
2.571944 44.8475
2.571944 44.8475
2.58094328 44.8475
2.571944 44.8475
2.571944 44.8564993
