3.533056 44.348611
3.529167 44.345278
3.525833 44.344167
3.520278 44.348889
3.517778 44.351944
3.5225 44.356944
3.523333 44.359167
3.525833 44.360833
3.529167 44.360833
3.529444 44.359722
3.531667 44.359722
3.529722 44.363611
3.530278 44.365556
3.533333 44.366944
3.536667 44.365556
3.538056 44.364167
3.545833 44.365
3.548056 44.371111
3.553611 44.372778
3.554167 44.370278
3.555833 44.370278
3.555556 44.363056
3.558333 44.360833
3.566389 44.361944
3.567778 44.360556
3.566111 44.358889
3.562222 44.356944
3.562778 44.355278
3.566944 44.353333
3.565278 44.351111
3.568056 44.351667
3.568889 44.349444
3.563611 44.343889
3.559444 44.343611
3.554722 44.345833
3.546111 44.351944
3.543333 44.356667
3.541944 44.358611
3.540278 44.357222
3.543056 44.355833
3.543056 44.352222
3.540556 44.348056
3.538611 44.348611
3.535 44.348056
3.533056 44.348611
