2 46.276111
2.25 46.276111
2.291667 46.208333
2.291667 46.1
2 46.1
2 46.138333
1.999947 46.138385
2.002776 46.139843
2.005499 46.141395
2.00811 46.143038
2.010601 46.144767
2.012968 46.146578
2.015204 46.148467
2.017304 46.15043
2.019264 46.152461
2.021078 46.154556
2.022741 46.156711
2.024251 46.158919
2.025604 46.161175
2.026795 46.163475
2.027823 46.165812
2.028684 46.168181
2.029377 46.170577
2.029901 46.172993
2.030253 46.175424
2.030433 46.177864
2.03044 46.180307
2.030275 46.182747
2.029937 46.185179
2.029428 46.187597
2.028749 46.189995
2.027902 46.192366
2.026887 46.194706
2.025709 46.197009
2.024369 46.19927
2.02287 46.201482
2.021217 46.203641
2.019414 46.205741
2.017464 46.207777
2.015372 46.209746
2.013144 46.211641
2.010784 46.213458
2.008298 46.215193
2.005693 46.216842
2.002973 46.218401
2.000147 46.219865
2 46.219722
2 46.276111
