1.261667 45.565278
1.341667 45.695833
1.666667 45.383333
2.5 45.658333
2.775 45.747222
2.968889 45.955833
2.993056 45.791389
2.993108 45.791425
2.98954 45.793605
2.985618 45.795465
2.981399 45.796976
2.976946 45.798116
2.972327 45.798869
2.96761 45.799223
2.962867 45.799172
2.958168 45.798717
2.953584 45.797866
2.949184 45.796631
2.945034 45.79503
2.941195 45.793087
2.937725 45.790832
2.934677 45.788298
2.932095 45.785524
2.930019 45.78255
2.92848 45.779422
2.9275 45.776186
2.927094 45.772891
2.927268 45.769586
2.928019 45.766321
2.929336 45.763144
2.931199 45.760103
2.933581 45.757243
2.936445 45.754608
2.939748 45.752236
2.943442 45.750164
2.947471 45.748422
2.951774 45.747035
2.956287 45.746026
2.960943 45.745409
2.965672 45.745193
2.970403 45.745382
2.975066 45.745972
2.979592 45.746955
2.983911 45.748316
2.98796 45.750035
2.991678 45.752086
2.995 45.754444
3.002778 45.599722
3.006389 45.515556
3.021111 45.223333
2.604722 45.166667
1.533333 45.166667
1.261667 45.565278
