4.044444 46.555556
4.044462 46.555669
4.049497 46.555255
4.054517 46.55476
4.059518 46.554185
4.064499 46.55353
4.069456 46.552795
4.074387 46.551981
4.079289 46.551089
4.084159 46.550118
4.088995 46.549069
4.093795 46.547944
4.098554 46.546741
4.103272 46.545463
4.107944 46.54411
4.11257 46.542682
4.117146 46.541181
4.12167 46.539606
4.126139 46.53796
4.130551 46.536242
4.134903 46.534455
4.139194 46.532598
4.143421 46.530673
4.147581 46.528681
4.151672 46.526622
4.155693 46.524499
4.15964 46.522312
4.163513 46.520062
4.167307 46.517751
4.171023 46.51538
4.174657 46.51295
4.178208 46.510462
4.181674 46.507918
4.185053 46.505319
4.188342 46.502667
4.191541 46.499963
4.194648 46.497209
4.197661 46.494405
4.200577 46.491554
4.203397 46.488657
4.206118 46.485716
4.208738 46.482732
4.211257 46.479707
4.213673 46.476642
4.215985 46.473539
4.218191 46.4704
4.22029 46.467227
4.222282 46.464021
4.224165 46.460784
4.225938 46.457518
4.2276 46.454224
4.22915 46.450904
4.230588 46.447561
4.230278 46.4475
4.161111 46.450556
4.153056 46.441944
4.126944 46.443333
4.082222 46.464167
4.055278 46.468611
4.035833 46.501389
4.044444 46.555556
