4.044444 46.555556
4.035833 46.501389
4.055278 46.468611
4.082222 46.464167
4.126944 46.443333
4.153056 46.441944
4.161111 46.450556
4.230278 46.4475
4.230588 46.447561
4.235476 46.43294
4.238221 46.418055
4.238795 46.403056
4.237197 46.388093
4.233442 46.373314
4.227571 46.358867
4.219644 46.344897
4.209741 46.331541
4.197962 46.318933
4.184425 46.307199
4.169266 46.296454
4.152636 46.286806
4.134702 46.278351
4.115641 46.271171
4.095643 46.265339
4.074906 46.260913
4.053637 46.257935
4.032045 46.256436
4.010345 46.25643
3.988752 46.257917
3.967479 46.260884
3.946738 46.2653
3.926733 46.271121
3.907664 46.27829
3.88972 46.286736
3.87308 46.296375
3.857909 46.307111
3.844359 46.318838
3.832566 46.33144
3.822647 46.34479
3.814704 46.358757
3.808817 46.3732
3.805046 46.387977
3.803431 46.40294
3.803989 46.417939
3.806716 46.432825
3.811588 46.447448
3.818556 46.461664
3.827554 46.475328
3.838492 46.488305
3.851261 46.500464
3.865736 46.511683
3.881771 46.52185
3.899207 46.530862
3.917868 46.538628
3.937568 46.545072
3.958108 46.550127
3.979283 46.553744
4.000879 46.555885
4.022678 46.556528
4.044462 46.555669
4.044444 46.555556
4.044444 46.555556
4.05344328 46.555556
4.044444 46.555556
4.044444 46.5645553
