2.318889 44.641667
2.657222 44.446667
2.848333 44.335
2.84869 44.334932
2.845917 44.327918
2.842878 44.320961
2.839576 44.314066
2.836013 44.307238
2.832191 44.300482
2.828114 44.293803
2.823784 44.287206
2.819206 44.280696
2.814382 44.274278
2.809316 44.267956
2.804011 44.261735
2.798473 44.25562
2.790732 44.247639
2.782593 44.239865
2.774066 44.232308
2.765163 44.224977
2.755896 44.217883
2.746276 44.211034
2.736318 44.20444
2.726033 44.198109
2.715436 44.19205
2.704541 44.186271
2.693361 44.180778
2.681912 44.17558
2.670209 44.170683
2.658267 44.166094
2.658056 44.166389
2.470278 44.275833
2.127222 44.473056
2.126688 44.473158
2.129467 44.480178
2.132515 44.487141
2.135829 44.494042
2.139407 44.500875
2.143246 44.507636
2.147343 44.51432
2.151696 44.520921
2.156301 44.527435
2.161154 44.533857
2.166253 44.540182
2.171594 44.546404
2.177172 44.552521
2.182983 44.558526
2.191088 44.566352
2.199589 44.573962
2.208475 44.581346
2.217736 44.588494
2.227358 44.595396
2.237328 44.602044
2.247634 44.608427
2.258262 44.614538
2.269198 44.620369
2.280427 44.625912
2.291934 44.631158
2.303704 44.636102
2.31572 44.640737
2.318761 44.641846
2.318889 44.641667
