2.318889 44.641667
2.657222 44.446667
2.848333 44.335
2.84869 44.334932
2.847795 44.332588
2.846871 44.33025
2.845917 44.327918
2.844934 44.325592
2.843921 44.323273
2.842878 44.320961
2.841807 44.318656
2.840706 44.316357
2.839576 44.314066
2.838417 44.311782
2.837229 44.309506
2.836013 44.307238
2.834767 44.304978
2.833493 44.302726
2.832191 44.300482
2.83086 44.298247
2.829501 44.29602
2.828114 44.293803
2.826698 44.291595
2.825255 44.289396
2.823784 44.287206
2.822285 44.285026
2.820759 44.282856
2.819206 44.280696
2.817625 44.278546
2.816017 44.276407
2.814382 44.274278
2.81272 44.272159
2.811031 44.270052
2.809316 44.267956
2.807574 44.265871
2.805806 44.263797
2.804011 44.261735
2.802191 44.259685
2.800345 44.257647
2.798473 44.25562
2.796576 44.253606
2.794653 44.251605
2.792705 44.249616
2.790732 44.247639
2.788734 44.245676
2.786712 44.243726
2.784664 44.241789
2.782593 44.239865
2.780497 44.237955
2.778377 44.236059
2.776233 44.234176
2.774066 44.232308
2.771875 44.230453
2.769661 44.228613
2.767423 44.226788
2.765163 44.224977
2.76288 44.223181
2.760574 44.2214
2.758246 44.219633
2.755896 44.217883
2.753523 44.216147
2.751129 44.214427
2.748714 44.212722
2.746276 44.211034
2.743818 44.209361
2.741339 44.207704
2.738839 44.206064
2.736318 44.20444
2.733777 44.202832
2.731216 44.201241
2.728634 44.199667
2.726033 44.198109
2.723413 44.196569
2.720773 44.195045
2.718114 44.193539
2.715436 44.19205
2.71274 44.190579
2.710025 44.189125
2.707292 44.187689
2.704541 44.186271
2.701772 44.18487
2.698986 44.183488
2.696182 44.182124
2.693361 44.180778
2.690524 44.179451
2.687669 44.178142
2.684799 44.176852
2.681912 44.17558
2.67901 44.174328
2.676091 44.173094
2.673158 44.171879
2.670209 44.170683
2.667245 44.169507
2.664267 44.16835
2.661274 44.167212
2.658267 44.166094
2.658056 44.166389
2.470278 44.275833
2.127222 44.473056
2.126688 44.473158
2.127584 44.475504
2.128511 44.477844
2.129467 44.480178
2.130453 44.482505
2.131469 44.484826
2.132515 44.487141
2.13359 44.489448
2.134695 44.491748
2.135829 44.494042
2.136993 44.496327
2.138185 44.498605
2.139407 44.500875
2.140658 44.503137
2.141937 44.505391
2.143246 44.507636
2.144583 44.509873
2.145949 44.512101
2.147343 44.51432
2.148766 44.51653
2.150217 44.51873
2.151696 44.520921
2.153203 44.523103
2.154738 44.525274
2.156301 44.527435
2.157891 44.529586
2.159509 44.531727
2.161154 44.533857
2.162827 44.535976
2.164527 44.538085
2.166253 44.540182
2.168007 44.542267
2.169787 44.544342
2.171594 44.546404
2.173427 44.548455
2.175286 44.550494
2.177172 44.552521
2.179083 44.554535
2.18102 44.556537
2.182983 44.558526
2.184972 44.560502
2.186985 44.562465
2.189024 44.564415
2.191088 44.566352
2.193176 44.568275
2.195289 44.570185
2.197427 44.57208
2.199589 44.573962
2.201775 44.57583
2.203985 44.577683
2.206218 44.579522
2.208475 44.581346
2.210756 44.583155
2.21306 44.58495
2.215386 44.58673
2.217736 44.588494
2.220108 44.590243
2.222502 44.591976
2.224919 44.593694
2.227358 44.595396
2.229818 44.597082
2.2323 44.598752
2.234804 44.600406
2.237328 44.602044
2.239874 44.603665
2.24244 44.605269
2.245027 44.606856
2.247634 44.608427
2.250262 44.609981
2.252909 44.611517
2.255576 44.613037
2.258262 44.614538
2.260968 44.616023
2.263693 44.617489
2.266436 44.618938
2.269198 44.620369
2.271978 44.621782
2.274777 44.623177
2.277593 44.624554
2.280427 44.625912
2.283278 44.627251
2.286147 44.628572
2.289032 44.629875
2.291934 44.631158
2.294852 44.632423
2.297787 44.633669
2.300737 44.634895
2.303704 44.636102
2.306685 44.63729
2.309682 44.638459
2.312694 44.639608
2.31572 44.640737
2.318761 44.641846
2.318889 44.641667
2.318889 44.641667
2.32788828 44.641667
2.318889 44.641667
2.318889 44.6506663
