4.674722 46.5
5.585833 46.5
5.606111 46.477222
5.407778 46.363333
5.576389 46.237222
5.570556 46.060278
5.570548 46.060278
5.570324 46.057269
5.570188 46.054256
5.570138 46.051243
5.570176 46.048229
5.570301 46.045217
5.570512 46.042206
5.570811 46.0392
5.571196 46.036198
5.571668 46.033202
5.572226 46.030213
5.572871 46.027233
5.573601 46.024262
5.574417 46.021302
5.575318 46.018354
5.576304 46.015419
5.577375 46.012499
5.578529 46.009593
5.579767 46.006705
5.581088 46.003834
5.582491 46.000982
5.583977 45.998151
5.585543 45.99534
5.587191 45.992552
5.588918 45.989788
5.590724 45.987048
5.592609 45.984334
5.594572 45.981646
5.596612 45.978987
5.598728 45.976356
5.600919 45.973755
5.603185 45.971186
5.605524 45.968648
5.607936 45.966143
5.610419 45.963673
5.612972 45.961237
5.615596 45.958838
5.618287 45.956476
5.621047 45.954151
5.623872 45.951865
5.626762 45.94962
5.629717 45.947414
5.632734 45.945251
5.635813 45.94313
5.638952 45.941052
5.64215 45.939018
5.645406 45.937029
5.648718 45.935086
5.652086 45.933189
5.655507 45.93134
5.658981 45.929538
5.662506 45.927785
5.662778 45.928056
5.489444 45.716667
5.498056 45.685556
5.955 45.635278
5.982778 45.605556
5.979167 45.455556
5.908611 45.449167
5.937222 45.330556
5.773611 45.106667
5.521111 45
5.328333 45
5.023333 44.666667
4.851389 44.666667
4.454722 44.668611
4.171667 44.904444
4.042222 45.136944
4.108889 45.581667
3.915 45.938611
4.310556 45.884722
4.203611 46.086111
4.661389 46.203611
4.670833 46.218056
4.731111 46.307222
4.674722 46.5
4.674722 46.5
4.68372128 46.5
4.674722 46.5
4.674722 46.5089993
