4.4 46.5
5.585833 46.5
5.606111 46.477222
5.801111 46.242222
5.661667 46.173333
5.661572 46.173426
5.65502 46.170081
5.648655 46.166568
5.642486 46.162892
5.636521 46.159058
5.630768 46.15507
5.625237 46.150936
5.619935 46.146661
5.614868 46.142251
5.610045 46.137712
5.605472 46.13305
5.601156 46.128273
5.597101 46.123386
5.593315 46.118398
5.589803 46.113314
5.586569 46.108142
5.583617 46.10289
5.580953 46.097565
5.578579 46.092174
5.576499 46.086725
5.574715 46.081226
5.573231 46.075684
5.572048 46.070107
5.571167 46.064504
5.570591 46.058881
5.570319 46.053248
5.570352 46.047611
5.570689 46.041979
5.571331 46.03636
5.572276 46.030762
5.573523 46.025192
5.575069 46.019659
5.576913 46.014169
5.579052 46.008732
5.581483 46.003354
5.584203 45.998043
5.587207 45.992807
5.59049 45.987653
5.59405 45.982588
5.59788 45.977619
5.601974 45.972753
5.606328 45.967998
5.610935 45.963359
5.615788 45.958843
5.620881 45.954457
5.626206 45.950207
5.631756 45.946098
5.637524 45.942137
5.6435 45.938329
5.649676 45.934679
5.656044 45.931193
5.662595 45.927875
5.662778 45.928056
5.489444 45.716667
5.498056 45.685556
5.955 45.635278
5.982778 45.605556
5.979167 45.455556
5.908611 45.449167
5.937222 45.330556
5.773611 45.106667
5.521111 45
5.328333 45
5.023333 44.666667
4.851389 44.666667
4.454722 44.668611
4.171667 44.904444
4.042222 45.136944
4.108889 45.581667
3.898056 45.969444
3.853889 46.05
4.05 46.175
4.4 46.5
4.4 46.5
4.40899928 46.5
4.4 46.5
4.4 46.5089993
