3.289722 46.646389
3.439722 46.633611
3.439745 46.633735
3.446408 46.633054
3.453019 46.632162
3.459562 46.63106
3.466023 46.629752
3.47239 46.62824
3.478647 46.626527
3.484782 46.624616
3.490781 46.622513
3.496632 46.620222
3.502322 46.617746
3.507839 46.615093
3.513171 46.612267
3.518306 46.609274
3.523234 46.606122
3.527944 46.602816
3.532427 46.599363
3.536671 46.595773
3.540669 46.592051
3.544412 46.588205
3.547891 46.584245
3.5511 46.580179
3.554032 46.576015
3.55668 46.571762
3.559039 46.56743
3.561104 46.563027
3.562871 46.558563
3.564335 46.554048
3.565494 46.549491
3.566345 46.544902
3.566887 46.540291
3.567119 46.535668
3.567039 46.531042
3.566649 46.526424
3.565949 46.521823
3.564942 46.517249
3.563628 46.512712
3.562011 46.508222
3.560094 46.503788
3.557883 46.499419
3.55538 46.495126
3.552593 46.490917
3.549526 46.486801
3.546187 46.482786
3.542583 46.478883
3.53872 46.475098
3.534609 46.471439
3.530257 46.467916
3.525673 46.464534
3.520869 46.461302
3.515853 46.458226
3.510636 46.455313
3.505231 46.452569
3.499647 46.449999
3.493898 46.44761
3.487995 46.445406
3.481951 46.443392
3.475778 46.441573
3.469491 46.439952
3.463102 46.438532
3.456625 46.437317
3.450073 46.436309
3.443462 46.43551
3.436803 46.434923
3.430113 46.434548
3.423405 46.434386
3.416693 46.434437
3.409991 46.434702
3.403315 46.43518
3.403333 46.435278
3.2425 46.449167
3.25 46.5
3.289722 46.646389
