3.184167 47.1075
3.383333 46.983333
3.313056 46.728056
2.852222 46.775833
2.852449 46.775532
2.859311 46.778009
2.866111 46.780565
2.872849 46.783198
2.879522 46.785907
2.886129 46.788693
2.892667 46.791553
2.899135 46.794488
2.905531 46.797496
2.911853 46.800576
2.918099 46.803729
2.924268 46.806952
2.930358 46.810245
2.936368 46.813607
2.942295 46.817038
2.948137 46.820536
2.953895 46.824099
2.959564 46.827729
2.965145 46.831422
2.970636 46.835178
2.976034 46.838997
2.981339 46.842877
2.986549 46.846817
2.991662 46.850816
2.996677 46.854872
3.001593 46.858985
3.006409 46.863154
3.011122 46.867378
3.015732 46.871654
3.020237 46.875983
3.024635 46.880362
3.028927 46.884791
3.03311 46.889268
3.037184 46.893793
3.041146 46.898363
3.044997 46.902978
3.048735 46.907636
3.052358 46.912337
3.055866 46.917078
3.059258 46.921858
3.062533 46.926676
3.06569 46.931532
3.068728 46.936422
3.071646 46.941347
3.074443 46.946304
3.077118 46.951292
3.079671 46.956311
3.082101 46.961357
3.084407 46.966431
3.086589 46.97153
3.088646 46.976654
3.090577 46.9818
3.092381 46.986968
3.094059 46.992155
3.095609 46.997361
3.097031 47.002584
3.098326 47.007823
3.099491 47.013075
3.100527 47.01834
3.101434 47.023617
3.102212 47.028902
3.102859 47.034196
3.103376 47.039497
3.103763 47.044802
3.10402 47.050112
3.104146 47.055423
3.104141 47.060736
3.104006 47.066047
3.103739 47.071356
3.103343 47.076662
3.102815 47.081962
3.102157 47.087255
3.101369 47.09254
3.100833 47.0925
3.184167 47.1075
3.184167 47.1075
3.19316628 47.1075
3.184167 47.1075
3.184167 47.1164993
