2.378056 47.353611
2.991667 47.353611
3.185556 47.261389
3.236111 47.189444
3.19 47.121389
3.184167 47.1075
3.100833 47.0925
3.101397 47.092542
3.103463 47.075567
3.104186 47.05854
3.103566 47.041512
3.101606 47.02453
3.098312 47.007645
3.093695 46.990905
3.087769 46.974358
3.080554 46.958052
3.07207 46.942032
3.062344 46.926347
3.051404 46.91104
3.039283 46.896155
3.026015 46.881735
3.011641 46.867821
2.996202 46.854453
2.979743 46.841669
2.962312 46.829505
2.943958 46.817997
2.924736 46.807177
2.904699 46.797076
2.883906 46.787722
2.862416 46.779143
2.840291 46.771362
2.817593 46.764402
2.794388 46.758282
2.770741 46.753021
2.74672 46.748632
2.722393 46.745128
2.697829 46.74252
2.673098 46.740814
2.648269 46.740016
2.623414 46.740128
2.598603 46.741149
2.573906 46.743076
2.549394 46.745905
2.525135 46.749627
2.5012 46.754231
2.477655 46.759704
2.454568 46.766032
2.432005 46.773195
2.41003 46.781174
2.388705 46.789946
2.368092 46.799485
2.34825 46.809765
2.329236 46.820757
2.311103 46.832429
2.293906 46.844748
2.277693 46.857679
2.262511 46.871184
2.248405 46.885226
2.235415 46.899764
2.22358 46.914757
2.212935 46.930161
2.203511 46.945932
2.195336 46.962026
2.188435 46.978396
2.182829 46.994995
2.178535 47.011775
2.175568 47.028688
2.173935 47.045686
2.173645 47.062718
2.174698 47.079737
2.177093 47.096692
2.180824 47.113536
2.185883 47.130218
2.192254 47.146691
2.199922 47.162907
2.208865 47.178819
2.219058 47.194381
2.230473 47.209546
2.243077 47.224272
2.256835 47.238516
2.257222 47.238333
2.378056 47.353611
