4.044444 46.555556
4.044356 46.555641
4.048555 46.557623
4.052845 46.559511
4.057223 46.561301
4.061683 46.562992
4.066221 46.564583
4.070833 46.566071
4.075512 46.567455
4.080254 46.568734
4.085055 46.569906
4.089909 46.57097
4.09481 46.571925
4.099754 46.572769
4.104736 46.573502
4.10975 46.574124
4.114791 46.574633
4.119853 46.575029
4.124931 46.575311
4.13002 46.575479
4.135114 46.575534
4.140209 46.575474
4.145297 46.575301
4.150375 46.575013
4.155436 46.574612
4.160476 46.574098
4.165488 46.573472
4.170469 46.572734
4.175411 46.571884
4.180311 46.570925
4.185162 46.569856
4.18996 46.568679
4.1947 46.567395
4.199376 46.566007
4.203984 46.564514
4.208519 46.562918
4.212975 46.561223
4.217349 46.559428
4.221636 46.557536
4.22583 46.55555
4.229928 46.55347
4.233925 46.5513
4.237818 46.549042
4.241601 46.546697
4.245271 46.54427
4.248824 46.541761
4.252256 46.539174
4.255564 46.536512
4.258745 46.533777
4.261794 46.530972
4.264708 46.528101
4.267485 46.525166
4.270122 46.52217
4.272616 46.519117
4.274963 46.51601
4.277163 46.512852
4.279212 46.509646
4.281108 46.506396
4.28285 46.503105
4.284435 46.499777
4.285862 46.496416
4.287129 46.493024
4.288236 46.489606
4.28918 46.486164
4.289962 46.482704
4.290579 46.479227
4.291032 46.475739
4.291321 46.472242
4.291444 46.468741
4.291401 46.465239
4.291194 46.46174
4.290822 46.458247
4.290285 46.454764
4.289584 46.451296
4.28872 46.447844
4.287694 46.444414
4.230278 46.4475
4.161111 46.450556
4.153056 46.441944
4.126944 46.443333
4.082222 46.464167
4.055278 46.468611
4.035833 46.501389
4.044444 46.555556
