2.661389 44.371944
2.661786 44.371872
2.660261 44.367875
2.658557 44.363916
2.656676 44.359999
2.654618 44.356127
2.652387 44.352304
2.649985 44.348535
2.647415 44.344823
2.644678 44.341172
2.641778 44.337587
2.638719 44.33407
2.635502 44.330625
2.630391 44.325602
2.624946 44.320762
2.619182 44.316116
2.61311 44.311674
2.606746 44.307448
2.600104 44.303447
2.593201 44.29968
2.586051 44.296157
2.578672 44.292885
2.571081 44.289872
2.563296 44.287125
2.555335 44.284651
2.547217 44.282455
2.53896 44.280543
2.530584 44.278918
2.522108 44.277585
2.513553 44.276547
2.504937 44.275806
2.496282 44.275364
2.487607 44.275222
2.478932 44.275381
2.470278 44.275833
2.288056 44.380556
2.287624 44.380506
2.28688 44.384075
2.28626 44.387657
2.285764 44.391248
2.285394 44.394847
2.28515 44.398451
2.285031 44.402059
2.285038 44.405667
2.285171 44.409275
2.28543 44.412879
2.285814 44.416477
2.286323 44.420067
2.286958 44.423647
2.287717 44.427215
2.288601 44.430768
2.289608 44.434304
2.290738 44.437821
2.291991 44.441317
2.293366 44.44479
2.294861 44.448237
2.296477 44.451657
2.298211 44.455046
2.300064 44.458404
2.302033 44.461728
2.304117 44.465015
2.306316 44.468265
2.308628 44.471474
2.311052 44.474641
2.313585 44.477765
2.316227 44.480842
2.318976 44.483871
2.32183 44.48685
2.324788 44.489778
2.327847 44.492652
2.331006 44.495471
2.334262 44.498232
2.337614 44.500935
2.34106 44.503578
2.344597 44.506158
2.348224 44.508674
2.351938 44.511126
2.355736 44.51351
2.359617 44.515826
2.363578 44.518072
2.367616 44.520248
2.371729 44.52235
2.375915 44.524379
2.380171 44.526333
2.384494 44.52821
2.388889 44.53
2.661389 44.371944
