5.266389 46.055278
5.398056 45.623611
5.419722 45.553056
5.181944 45.440556
4.883333 45.383889
4.883333 45.556389
4.923889 45.633889
4.905278 45.682778
4.687222 45.726667
4.646667 45.869444
4.646366 45.869527
4.650095 45.875873
4.654012 45.882163
4.658115 45.888396
4.662401 45.894569
4.666871 45.900679
4.67152 45.906724
4.676348 45.9127
4.681353 45.918606
4.686533 45.924439
4.691884 45.930197
4.697406 45.935876
4.703096 45.941475
4.708951 45.946992
4.714969 45.952423
4.721147 45.957767
4.727484 45.963021
4.733975 45.968183
4.740619 45.97325
4.747413 45.978222
4.754353 45.983095
4.761438 45.987867
4.768663 45.992536
4.776026 45.997101
4.783524 46.00156
4.791153 46.00591
4.798911 46.010149
4.806794 46.014277
4.814798 46.01829
4.82292 46.022188
4.831158 46.025968
4.839506 46.02963
4.847963 46.033171
4.856523 46.03659
4.865184 46.039885
4.873941 46.043056
4.882792 46.0461
4.891732 46.049016
4.900757 46.051804
4.909864 46.054462
4.919048 46.056988
4.928306 46.059382
4.937634 46.061643
4.947028 46.06377
4.956483 46.065762
4.965996 46.067617
4.975562 46.069335
4.985178 46.070916
4.994839 46.072359
5.004542 46.073663
5.014281 46.074827
5.024054 46.075852
5.033854 46.076736
5.04368 46.077479
5.053525 46.078082
5.063386 46.078542
5.073259 46.078862
5.08314 46.07904
5.093024 46.079075
5.102906 46.07897
5.112784 46.078722
5.122651 46.078333
5.132505 46.077802
5.142341 46.07713
5.152155 46.076318
5.161942 46.075364
5.171699 46.074271
5.181421 46.073037
5.191103 46.071665
5.200743 46.070154
5.210335 46.068505
5.219875 46.066719
5.22936 46.064796
5.238786 46.062738
5.248147 46.060545
5.257441 46.058218
5.266663 46.055759
5.266389 46.055278
