5.370278 46.142222
5.498056 45.685556
5.528056 45.581667
5.544444 45.52
5.618889 45.449167
5.618889 45.311389
5.600278 45.287778
5.555833 45.269167
5.435 45.246389
5.133889 45.186111
4.886389 45.213889
4.886389 45.280833
4.766667 45.280833
4.696111 45.467222
4.651944 45.581111
4.537222 45.878333
4.672778 46.078056
4.67225 46.078473
4.679671 46.082927
4.687191 46.0873
4.694809 46.091592
4.702522 46.095802
4.710329 46.099929
4.718228 46.103971
4.726217 46.107928
4.734294 46.111798
4.742456 46.115582
4.750703 46.119277
4.759032 46.122883
4.767442 46.126399
4.775929 46.129825
4.784493 46.133159
4.79313 46.1364
4.80184 46.139549
4.810619 46.142603
4.819467 46.145563
4.82838 46.148427
4.837356 46.151196
4.846394 46.153867
4.85549 46.156441
4.864644 46.158918
4.873853 46.161295
4.883114 46.163573
4.892425 46.165752
4.901784 46.16783
4.91119 46.169808
4.920638 46.171684
4.930128 46.173459
4.939657 46.175131
4.949222 46.176701
4.958822 46.178168
4.968453 46.179532
4.978114 46.180792
4.987803 46.181948
4.997516 46.183
5.007252 46.183947
5.017008 46.18479
5.026782 46.185528
5.036572 46.186161
5.046374 46.186688
5.056188 46.18711
5.066009 46.187427
5.075837 46.187638
5.085668 46.187744
5.095501 46.187744
5.105332 46.187638
5.115159 46.187427
5.124981 46.18711
5.134794 46.186688
5.144597 46.186161
5.154387 46.185528
5.164161 46.18479
5.173917 46.183947
5.183653 46.183
5.193366 46.181948
5.203055 46.180792
5.212716 46.179532
5.222347 46.178168
5.231947 46.176702
5.241512 46.175132
5.251041 46.173459
5.260531 46.171685
5.269979 46.169809
5.279384 46.167831
5.288744 46.165753
5.298055 46.163574
5.307316 46.161296
5.316525 46.158918
5.325678 46.156442
5.334775 46.153868
5.343813 46.151197
5.352789 46.148428
5.361702 46.145564
5.37055 46.142604
5.370278 46.142222
5.370278 46.142222
5.37927728 46.142222
5.370278 46.142222
5.370278 46.1512213
