2.820872 45.521428
2.821018 45.519619
2.82102 45.519596
2.821019 45.519596
2.82119 45.515201
2.8224 45.51549
2.828417 45.516927
2.829269 45.51713
2.829445 45.51692
2.829563 45.516806
2.829589 45.516781
2.828539 45.516607
2.828062 45.516436
2.827452 45.51626
2.827421 45.516255
2.827049 45.516189
2.826655 45.516138
2.826524 45.516099
2.826266 45.516018
2.826007 45.515943
2.82561 45.515794
2.825382 45.515668
2.825314 45.515604
2.825313 45.515604
2.825199 45.51551
2.82519 45.515506
2.825086 45.515407
2.825037 45.515332
2.82492 45.515161
2.824881 45.515073
2.824873 45.515053
2.824759 45.514908
2.82473 45.514884
2.824694 45.514836
2.824681 45.514812
2.82468 45.514811
2.824534 45.514667
2.824407 45.514568
2.824297 45.514462
2.824236 45.514404
2.824122 45.514301
2.823956 45.514157
2.8237 45.513964
2.82342 45.513781
2.823269 45.513703
2.823191 45.513674
2.823065 45.51367
2.822916 45.513661
2.822875 45.513649
2.822607 45.513758
2.822423 45.513851
2.822236 45.514099
2.821843 45.514539
2.82217 45.514705
2.822103 45.514767
2.822097 45.514772
2.819834 45.514387
2.819864 45.514522
2.82054 45.51753
2.819602 45.519112
2.821563 45.525019
2.821646 45.52527
2.821005 45.525471
2.82104 45.525628
2.821061 45.525721
2.821071 45.525822
2.821071 45.525923
2.821072 45.52597
2.820989 45.52611
2.820849 45.526345
2.820473 45.526725
2.819901 45.527232
2.81965 45.527371
2.819548 45.527365
2.819461 45.527348
2.819434 45.527357
2.81927 45.527397
2.819165 45.527421
2.819044 45.527436
2.818949 45.527443
2.81883 45.527443
2.818702 45.527429
2.818592 45.527411
2.818437 45.527397
2.818326 45.527392
2.818103 45.527398
2.818002 45.527392
2.817938 45.527384
2.817892 45.527373
2.817857 45.52736
2.817853 45.527349
2.8178 45.527264
2.817648 45.527271
2.817619 45.527292
2.817595 45.527299
2.81754 45.527315
2.817483 45.527321
2.81738 45.527316
2.817299 45.527319
2.817225 45.527342
2.817151 45.52739
2.817133 45.527398
2.817083 45.527424
2.817053 45.527438
2.817025 45.52745
2.816976 45.527471
2.816933 45.527486
2.816812 45.527512
2.816682 45.527524
2.816552 45.527523
2.816506 45.527519
2.815666 45.52787
2.815666 45.527866
2.815661 45.52787
2.815463 45.527883
2.815068 45.527906
2.814963 45.527932
2.81483 45.527966
2.814769 45.527983
2.814635 45.528035
2.814472 45.528075
2.814417 45.528088
2.814102 45.528175
2.814046 45.528196
2.814008 45.52821
2.813989 45.528217
2.814003 45.528219
2.820249 45.529395
2.82025 45.529393
2.820654 45.529527
2.821566 45.529829
2.821599 45.52984
2.821602 45.52984
2.821613 45.529832
2.821652 45.529804
2.821687 45.529794
2.82174 45.529766
2.821862 45.529691
2.822007 45.529643
2.82225 45.529604
2.822414 45.529612
2.822522 45.529628
2.822631 45.529668
2.822809 45.529738
2.823027 45.529858
2.823295 45.530049
2.82346 45.530134
2.823616 45.530199
2.823704 45.530232
2.8238 45.530285
2.823886 45.530344
2.823992 45.530414
2.824128 45.530461
2.824215 45.530503
2.824263 45.530536
2.824315 45.530588
2.824377 45.530649
2.824516 45.530763
2.824637 45.530859
2.824692 45.530931
2.824772 45.531068
2.824836 45.531131
2.824916 45.531234
2.824993 45.531299
2.825057 45.531408
2.82509 45.531496
2.82509 45.531562
2.825146 45.531594
2.825212 45.531668
2.825249 45.531706
2.825354 45.531889
2.825474 45.532032
2.825504 45.532074
2.825534 45.532127
2.825631 45.532192
2.825685 45.532229
2.825699 45.532289
2.825736 45.53234
2.825868 45.532438
2.825958 45.53255
2.826033 45.53265
2.826114 45.532739
2.826156 45.532855
2.826209 45.533009
2.82626 45.533085
2.826264 45.533109
2.826289 45.533126
2.826455 45.533299
2.826616 45.533401
2.826772 45.533448
2.827001 45.533481
2.827196 45.533586
2.827299 45.533722
2.827358 45.533809
2.827407 45.533882
2.82754 45.534076
2.827682 45.534239
2.827791 45.534305
2.827862 45.534492
2.827879 45.534653
2.827909 45.534723
2.828225 45.535448
2.828369 45.535983
2.828464 45.53617
2.828568 45.536314
2.828627 45.536368
2.828726 45.536433
2.828919 45.536508
2.829223 45.536542
2.829529 45.536576
2.830434 45.536676
2.830786 45.537295
2.830955 45.537591
2.831143 45.537983
2.831168 45.538023
2.831129 45.538051
2.831128 45.538052
2.831074 45.538095
2.831028 45.538145
2.830978 45.538233
2.830944 45.538349
2.830923 45.538494
2.830931 45.538538
2.830943 45.538603
2.830951 45.53866
2.83097 45.538784
2.830973 45.538803
2.831009 45.538796
2.83101 45.538796
2.831065 45.538921
2.831074 45.53894
2.831079 45.538941
2.83118 45.539072
2.831294 45.539183
2.831374 45.539314
2.831453 45.539463
2.83151 45.539694
2.831549 45.539803
2.831587 45.539871
2.831625 45.539908
2.831751 45.539971
2.83186 45.540055
2.831901 45.540116
2.831939 45.540152
2.832009 45.540229
2.832104 45.540286
2.832145 45.540287
2.832226 45.540322
2.832404 45.540388
2.832515 45.5404
2.832637 45.540416
2.832707 45.54043
2.832807 45.540465
2.832918 45.540483
2.832992 45.54051
2.833107 45.540521
2.833207 45.540525
2.833295 45.540556
2.83343 45.54063
2.833529 45.540685
2.833591 45.540705
2.833647 45.540705
2.833766 45.540698
2.833853 45.540687
2.833956 45.540687
2.834007 45.540694
2.834047 45.540706
2.834067 45.540717
2.834119 45.54072
2.834163 45.540727
2.834203 45.540728
2.834227 45.540728
2.834254 45.540727
2.834272 45.540722
2.834333 45.540697
2.834418 45.540671
2.834491 45.540642
2.834589 45.540627
2.834695 45.540647
2.834779 45.540701
2.834868 45.540764
2.834935 45.540847
2.834946 45.540915
2.834976 45.540985
2.835047 45.541077
2.835107 45.541165
2.8352 45.541232
2.835311 45.541298
2.835443 45.541399
2.835546 45.541497
2.835625 45.541595
2.835668 45.541676
2.835692 45.541711
2.835747 45.54173
2.83581 45.541752
2.83586 45.541796
2.835914 45.541857
2.835966 45.541929
2.836046 45.542009
2.836103 45.542139
2.836161 45.542209
2.836203 45.542256
2.83631 45.542314
2.836408 45.542371
2.8365 45.54242
2.836592 45.542471
2.836759 45.542524
2.836896 45.542564
2.837056 45.542585
2.837259 45.542606
2.837407 45.542612
2.837572 45.542609
2.837678 45.54261
2.837794 45.542612
2.837939 45.542633
2.838076 45.54266
2.838183 45.542668
2.838365 45.542712
2.838499 45.542743
2.838637 45.542792
2.838797 45.542856
2.839042 45.542913
2.839168 45.542941
2.839349 45.542963
2.839446 45.542995
2.83961 45.543021
2.83978 45.543044
2.839965 45.543064
2.840291 45.543055
2.840552 45.543093
2.840631 45.543117
2.84073 45.543194
2.840837 45.543248
2.841017 45.543301
2.841206 45.543358
2.841335 45.543368
2.841397 45.543368
2.841478 45.543366
2.841552 45.543368
2.841663 45.543382
2.84201 45.543395
2.842107 45.543387
2.842239 45.543386
2.842512 45.543345
2.842687 45.543312
2.842831 45.543289
2.842929 45.543286
2.843012 45.543304
2.843211 45.543366
2.843347 45.543397
2.843754 45.543621
2.844046 45.543679
2.844345 45.543693
2.850814 45.544402
2.851469 45.54473
2.851697 45.544888
2.851779 45.545273
2.851932 45.545731
2.852107 45.545853
2.852669 45.546174
2.853034 45.546289
2.853541 45.546506
2.854197 45.546815
2.854513 45.546897
2.85456 45.546897
2.854634 45.546918
2.854741 45.546975
2.854971 45.547144
2.855121 45.547283
2.85529 45.547458
2.855425 45.547646
2.855538 45.547915
2.855745 45.548723
2.855818 45.548844
2.856276 45.549354
2.8568 45.549992
2.856994 45.550344
2.857052 45.55042
2.857111 45.550471
2.858086 45.550752
2.859016 45.550964
2.859523 45.551037
2.860152 45.551111
2.861279 45.551211
2.862923 45.551339
2.863064 45.55135
2.863082 45.551352
2.863084 45.551337
2.863079 45.551333
2.863084 45.551334
2.863122 45.551141
2.863089 45.550958
2.863051 45.550872
2.862916 45.550735
2.862792 45.550693
2.862583 45.550642
2.862466 45.550595
2.862334 45.550529
2.862106 45.550435
2.86172 45.55028
2.86133 45.549982
2.86124 45.549915
2.861142 45.549819
2.861066 45.549734
2.861002 45.549672
2.860792 45.549564
2.860638 45.549449
2.860302 45.549293
2.860169 45.549266
2.859789 45.549215
2.859691 45.549193
2.859631 45.549132
2.8595 45.548979
2.859485 45.548934
2.859476 45.54877
2.859416 45.548549
2.85938 45.548466
2.859394 45.548401
2.859466 45.548217
2.859542 45.547951
2.859559 45.547614
2.859545 45.547564
2.859428 45.547338
2.859446 45.547285
2.859566 45.547006
2.859591 45.546925
2.859579 45.54688
2.859485 45.546714
2.859465 45.54665
2.859463 45.54631
2.859494 45.546275
2.859586 45.546211
2.859825 45.546266
2.859878 45.546256
2.860046 45.546184
2.859885 45.546077
2.859761 45.545898
2.859692 45.545827
2.8596 45.545677
2.859499 45.545526
2.859436 45.545383
2.859482 45.545184
2.859476 45.545057
2.859464 45.544983
2.859395 45.544902
2.859282 45.544778
2.859244 45.544728
2.859234 45.544648
2.859268 45.544553
2.85939 45.54424
2.859381 45.544155
2.859345 45.544111
2.859056 45.543866
2.858898 45.543779
2.858441 45.543551
2.858305 45.543476
2.857812 45.543238
2.857815 45.543194
2.858376 45.542688
2.858291 45.542688
2.85822 45.542685
2.858142 45.542671
2.858082 45.542656
2.85797 45.542611
2.857604 45.542449
2.857538 45.542419
2.857362 45.542264
2.857045 45.541961
2.856982 45.541909
2.856898 45.541848
2.856785 45.541784
2.856641 45.541712
2.856572 45.541667
2.856546 45.541644
2.85651 45.541596
2.856499 45.541567
2.856511 45.541461
2.856497 45.541451
2.85655 45.541315
2.856603 45.541209
2.856649 45.541155
2.856729 45.541082
2.85681 45.541041
2.856887 45.541013
2.857031 45.540991
2.857122 45.54099
2.857254 45.540999
2.857356 45.541024
2.857687 45.541147
2.857809 45.541164
2.857855 45.541162
2.858058 45.541123
2.858667 45.540984
2.858864 45.540936
2.859001 45.540892
2.859137 45.540838
2.859231 45.540794
2.85937 45.54072
2.859697 45.540517
2.860044 45.540287
2.860221 45.540163
2.860265 45.540121
2.860307 45.540074
2.860405 45.539848
2.860462 45.539789
2.860361 45.539724
2.860431 45.539681
2.860695 45.539523
2.861932 45.540264
2.861945 45.540292
2.862134 45.540251
2.862301 45.540163
2.862433 45.540139
2.862554 45.540138
2.86301 45.540253
2.863103 45.540265
2.863309 45.540188
2.863332 45.540137
2.863376 45.540079
2.863457 45.540037
2.863607 45.540051
2.863758 45.54007
2.864038 45.540177
2.86431 45.540291
2.86521 45.540536
2.865386 45.540559
2.865556 45.540528
2.865724 45.540488
2.865821 45.540439
2.865907 45.540426
2.866045 45.540435
2.866252 45.540467
2.866522 45.540535
2.866818 45.540551
2.866811 45.540569
2.8668 45.54059
2.866817 45.540595
2.868169 45.541076
2.868244 45.541121
2.868295 45.541165
2.868361 45.54123
2.868393 45.541258
2.868449 45.541305
2.868555 45.541378
2.868719 45.541466
2.868933 45.541607
2.868852 45.541677
2.869047 45.541777
2.869217 45.541873
2.869328 45.542053
2.86935 45.542187
2.869457 45.542369
2.869648 45.542672
2.870085 45.542899
2.870642 45.543089
2.870628 45.542912
2.870507 45.542676
2.870594 45.542636
2.870732 45.542639
2.871065 45.542701
2.871247 45.542864
2.871184 45.542998
2.87141 45.543194
2.871608 45.543483
2.872539 45.5438
2.873448 45.544104
2.873902 45.544252
2.874089 45.544022
2.875002 45.544557
2.874901 45.544749
2.875567 45.54502
2.876065 45.545131
2.877066 45.54555
2.878331 45.546077
2.878655 45.546328
2.87891 45.546597
2.879457 45.54692
2.87979 45.547179
2.879739 45.547235
2.880075 45.547446
2.880838 45.546752
2.879605 45.545903
2.879021 45.545438
2.878298 45.544987
2.877572 45.544501
2.877473 45.544414
2.877419 45.5443
2.877376 45.544187
2.877269 45.543817
2.877183 45.543707
2.877011 45.54357
2.876607 45.543283
2.876347 45.543099
2.876099 45.542957
2.875719 45.542778
2.875634 45.542759
2.875432 45.542764
2.875266 45.542737
2.875143 45.542728
2.874954 45.542606
2.874585 45.542121
2.874448 45.541964
2.874035 45.541791
2.873812 45.541692
2.873629 45.541655
2.873506 45.541647
2.873461 45.541586
2.873497 45.54152
2.873599 45.541408
2.873849 45.541136
2.873888 45.541006
2.873812 45.540856
2.87376 45.540732
2.873899 45.540332
2.873925 45.539968
2.873818 45.53979
2.873755 45.539607
2.873648 45.539242
2.873459 45.53889
2.873288 45.538565
2.873194 45.538364
2.873055 45.53819
2.872833 45.537994
2.8726 45.537758
2.872467 45.537615
2.872353 45.537424
2.872297 45.537308
2.872113 45.537228
2.871879 45.537138
2.871805 45.537098
2.871759 45.537033
2.871671 45.536926
2.871555 45.536864
2.87142 45.53683
2.871241 45.53678
2.876904 45.530231
2.876905 45.530231
2.876896 45.530226
2.876859 45.530226
2.876839 45.530228
2.876796 45.530233
2.876727 45.530252
2.876683 45.530267
2.876629 45.530276
2.876566 45.530273
2.876517 45.530262
2.876474 45.530251
2.87646 45.530245
2.876423 45.530234
2.876391 45.530203
2.876356 45.530156
2.876333 45.530136
2.876289 45.530078
2.876243 45.530052
2.876196 45.530033
2.876149 45.530015
2.876104 45.530004
2.876081 45.530002
2.876056 45.529992
2.876019 45.529982
2.875979 45.529985
2.875943 45.529983
2.875916 45.529981
2.8759 45.529973
2.875889 45.529963
2.875893 45.529953
2.875954 45.529927
2.875983 45.52991
2.876 45.529874
2.875992 45.529838
2.875964 45.529813
2.875938 45.529806
2.875913 45.529808
2.875867 45.529818
2.875823 45.529833
2.875795 45.529858
2.875758 45.529882
2.87573 45.529883
2.875714 45.529882
2.875685 45.529882
2.87567 45.529889
2.875654 45.529896
2.875642 45.529895
2.875633 45.52989
2.875612 45.529877
2.875604 45.529874
2.875584 45.529873
2.875557 45.529866
2.875545 45.52986
2.875536 45.529854
2.875544 45.529843
2.875558 45.529833
2.87557 45.529815
2.875561 45.529791
2.875554 45.529767
2.875544 45.529751
2.875515 45.529749
2.875492 45.529742
2.875479 45.529728
2.875487 45.529715
2.875498 45.529697
2.875494 45.529682
2.875475 45.529676
2.875437 45.52968
2.875366 45.529722
2.875363 45.52975
2.875213 45.529801
2.875182 45.5298
2.875163 45.529789
2.875154 45.529774
2.87515 45.529751
2.875139 45.52973
2.875118 45.529714
2.875076 45.529706
2.875025 45.529699
2.874983 45.529693
2.874929 45.529684
2.874895 45.529684
2.874858 45.529686
2.874814 45.5297
2.874789 45.529703
2.874771 45.529699
2.874758 45.529685
2.874751 45.529662
2.874742 45.529647
2.874723 45.529641
2.874701 45.529644
2.874671 45.529656
2.874633 45.529662
2.874611 45.529653
2.874585 45.529635
2.87459 45.529617
2.874605 45.529599
2.874621 45.529582
2.874647 45.529544
2.87463 45.529508
2.874562 45.529452
2.874532 45.529439
2.874494 45.529435
2.874471 45.52945
2.874461 45.529471
2.87444 45.529485
2.874407 45.529483
2.874362 45.529476
2.874332 45.529479
2.87426 45.529461
2.874206 45.529435
2.874154 45.529418
2.874101 45.529416
2.874065 45.52941
2.874041 45.529414
2.873996 45.529421
2.873966 45.52942
2.873943 45.529423
2.873904 45.529435
2.873877 45.529447
2.873861 45.529447
2.873855 45.529437
2.873864 45.529417
2.873869 45.529389
2.873852 45.52935
2.873809 45.529309
2.87378 45.529275
2.873737 45.529264
2.873692 45.529259
2.87362 45.529265
2.87356 45.529266
2.87351 45.529266
2.873465 45.529263
2.873428 45.529254
2.873387 45.529247
2.873353 45.52925
2.873308 45.529238
2.87325 45.529211
2.873192 45.529211
2.873165 45.52921
2.873146 45.529202
2.873159 45.529189
2.873134 45.529155
2.87316 45.529117
2.873124 45.529085
2.873095 45.529087
2.873044 45.529102
2.873023 45.529111
2.87299 45.529099
2.872986 45.529087
2.872987 45.52907
2.872974 45.529061
2.872956 45.529053
2.872918 45.529068
2.872909 45.529082
2.872901 45.529096
2.872891 45.529106
2.872885 45.529117
2.872875 45.529125
2.872867 45.52914
2.872868 45.529153
2.87288 45.52916
2.872894 45.529161
2.872907 45.529154
2.872922 45.529153
2.872932 45.529159
2.872931 45.529171
2.872923 45.529185
2.87291 45.529196
2.872886 45.529204
2.872869 45.529206
2.872849 45.529211
2.872838 45.52922
2.87283 45.529233
2.872818 45.529245
2.872803 45.529252
2.87278 45.529254
2.872766 45.529246
2.872753 45.52923
2.872745 45.529213
2.872742 45.52919
2.872737 45.529178
2.872728 45.529169
2.872717 45.529158
2.872712 45.529142
2.87271 45.529132
2.872705 45.529126
2.872688 45.529125
2.872679 45.529116
2.87265 45.529108
2.872635 45.52911
2.872618 45.529113
2.872597 45.529118
2.872574 45.529118
2.872542 45.529116
2.872518 45.529113
2.872496 45.529104
2.87248 45.529089
2.872462 45.529082
2.872443 45.529076
2.872427 45.529076
2.872402 45.529068
2.87238 45.529058
2.87237 45.529047
2.87239 45.52902
2.872409 45.528994
2.87241 45.528972
2.872402 45.528956
2.872391 45.528941
2.872394 45.528927
2.872385 45.528912
2.872352 45.528899
2.872298 45.528894
2.872258 45.528904
2.872171 45.528948
2.872096 45.528988
2.871995 45.529003
2.871953 45.528994
2.871946 45.528974
2.871924 45.528942
2.871875 45.52891
2.871855 45.52891
2.871797 45.528917
2.871719 45.528953
2.871667 45.528961
2.871632 45.528952
2.871567 45.528938
2.871471 45.528935
2.871464 45.528915
2.87144 45.528898
2.871408 45.528909
2.871366 45.52892
2.871323 45.528908
2.871214 45.528856
2.871203 45.528825
2.871187 45.528799
2.871169 45.528788
2.871125 45.528781
2.871084 45.528768
2.871066 45.528749
2.871066 45.528722
2.871049 45.528717
2.871028 45.528709
2.870991 45.528689
2.870979 45.528651
2.871008 45.528604
2.871006 45.528564
2.87093 45.528537
2.870856 45.528522
2.870731 45.528495
2.870709 45.528469
2.87066 45.52845
2.870606 45.528446
2.870595 45.528426
2.870546 45.528394
2.870492 45.528394
2.870448 45.528389
2.870399 45.528351
2.870345 45.528317
2.8703 45.528311
2.87026 45.528291
2.870204 45.528268
2.870093 45.528237
2.870001 45.52821
2.869896 45.528197
2.869807 45.528175
2.869718 45.528142
2.869628 45.528119
2.869594 45.528105
2.869539 45.528076
2.86949 45.528054
2.869411 45.528032
2.869353 45.528025
2.869273 45.528007
2.869245 45.527963
2.869172 45.527859
2.869057 45.527785
2.868983 45.527734
2.868891 45.527677
2.868766 45.527609
2.868715 45.527567
2.86866 45.527489
2.868632 45.527427
2.86863 45.527331
2.868667 45.527244
2.868728 45.527146
2.868777 45.527104
2.868778 45.527082
2.868774 45.527037
2.86876 45.527004
2.868738 45.526983
2.868704 45.526965
2.868672 45.526946
2.86865 45.526922
2.868645 45.526886
2.86862 45.526852
2.868589 45.526816
2.868557 45.526791
2.868514 45.526761
2.868514 45.526686
2.868439 45.526601
2.868419 45.526587
2.868417 45.526554
2.868394 45.526542
2.868346 45.526523
2.868312 45.526505
2.868301 45.526485
2.868291 45.526447
2.868274 45.526416
2.868252 45.526399
2.868172 45.526394
2.868141 45.526388
2.86809 45.526347
2.86804 45.526315
2.86793 45.526269
2.867855 45.52625
2.867812 45.526222
2.867775 45.526198
2.867719 45.52615
2.867679 45.526112
2.867663 45.526091
2.867614 45.526066
2.867563 45.526047
2.867532 45.52605
2.867498 45.526042
2.867456 45.526054
2.867446 45.526068
2.867418 45.526097
2.867358 45.526116
2.86728 45.526124
2.867237 45.526118
2.867197 45.526105
2.867153 45.526081
2.86711 45.526079
2.86699 45.526097
2.866968 45.526113
2.866972 45.526123
2.866983 45.526147
2.866975 45.526156
2.866953 45.526156
2.866906 45.526145
2.866847 45.526125
2.866777 45.526091
2.866742 45.526057
2.866731 45.526035
2.86674 45.52602
2.866752 45.526006
2.866731 45.525988
2.866695 45.525981
2.866644 45.525986
2.866604 45.526002
2.866588 45.526023
2.866578 45.526026
2.866557 45.526023
2.86654 45.526005
2.86654 45.525987
2.866515 45.52597
2.866471 45.525972
2.866334 45.52594
2.8663 45.525916
2.86628 45.525921
2.866262 45.525905
2.866237 45.52591
2.866218 45.525909
2.866192 45.525901
2.866173 45.525885
2.866154 45.525872
2.866128 45.525871
2.866088 45.52588
2.865975 45.525889
2.865918 45.525884
2.865901 45.525872
2.865902 45.525852
2.865901 45.525836
2.865873 45.525782
2.865846 45.525752
2.865804 45.52573
2.865747 45.525725
2.865669 45.525717
2.865627 45.525721
2.865592 45.525732
2.865552 45.525738
2.865531 45.525749
2.865389 45.525836
2.865287 45.525927
2.865263 45.525944
2.865216 45.525917
2.865178 45.525878
2.865159 45.525879
2.86514 45.525887
2.865133 45.525905
2.865142 45.525927
2.865164 45.52595
2.865188 45.52598
2.865168 45.525996
2.865136 45.526005
2.865107 45.526004
2.865059 45.525964
2.865012 45.525982
2.864947 45.525946
2.864881 45.525995
2.864854 45.526024
2.864823 45.526021
2.864812 45.525995
2.864799 45.525996
2.864685 45.526034
2.864656 45.52603
2.864611 45.526025
2.86458 45.526019
2.86452 45.526012
2.864485 45.526027
2.864261 45.526112
2.864242 45.526101
2.86422 45.526071
2.864194 45.526065
2.864166 45.526046
2.864135 45.526031
2.864095 45.526031
2.864062 45.52604
2.864031 45.526039
2.863986 45.526028
2.863929 45.526015
2.863875 45.525999
2.86382 45.525996
2.863783 45.52601
2.863764 45.526033
2.863766 45.526058
2.863776 45.52608
2.863785 45.526111
2.86378 45.526126
2.863761 45.526147
2.863728 45.526162
2.863688 45.526158
2.863646 45.526146
2.863608 45.526134
2.863572 45.526132
2.863551 45.526148
2.863537 45.526165
2.863504 45.526165
2.863478 45.526153
2.863444 45.526133
2.863421 45.526106
2.863378 45.526099
2.86334 45.526093
2.863293 45.526084
2.863226 45.526066
2.863179 45.526066
2.863129 45.526067
2.863092 45.526048
2.863078 45.526027
2.863068 45.525998
2.863018 45.525948
2.862994 45.525915
2.862973 45.525898
2.862937 45.525872
2.862904 45.525856
2.862854 45.525832
2.862821 45.525804
2.862798 45.52577
2.862686 45.525746
2.862591 45.525729
2.862511 45.525715
2.862484 45.525707
2.862459 45.525711
2.862413 45.525705
2.862371 45.525686
2.862328 45.525667
2.862284 45.525618
2.862259 45.525585
2.8622 45.525549
2.862144 45.525524
2.86212 45.525528
2.862087 45.525514
2.862067 45.525519
2.862044 45.525513
2.862032 45.525489
2.862006 45.525485
2.861985 45.525486
2.861963 45.52549
2.861926 45.525497
2.861904 45.525494
2.861883 45.525475
2.861862 45.525464
2.86171 45.525413
2.861675 45.525423
2.861646 45.52543
2.861627 45.525426
2.861568 45.525377
2.861535 45.525356
2.86152 45.52534
2.861515 45.525319
2.861502 45.525308
2.861482 45.525308
2.861418 45.525315
2.861371 45.525333
2.861296 45.52536
2.861242 45.525377
2.861192 45.525379
2.861133 45.525376
2.861109 45.525373
2.861087 45.52536
2.861076 45.525343
2.861076 45.525326
2.861083 45.525309
2.861095 45.52529
2.861094 45.52527
2.861082 45.525253
2.861064 45.525238
2.861047 45.525233
2.861033 45.525234
2.861007 45.525251
2.860983 45.525255
2.860933 45.52523
2.860879 45.525199
2.860845 45.525198
2.860798 45.5252
2.860735 45.525205
2.860687 45.525205
2.860607 45.525183
2.860533 45.52517
2.860446 45.525151
2.860351 45.525137
2.860216 45.525138
2.860152 45.525138
2.860102 45.52515
2.860058 45.52518
2.859994 45.525232
2.859947 45.525216
2.859899 45.525219
2.859838 45.525236
2.859807 45.525228
2.859785 45.525213
2.859729 45.525193
2.859696 45.525182
2.859648 45.525138
2.859617 45.525129
2.859601 45.525145
2.859589 45.525133
2.859567 45.525109
2.859542 45.525111
2.85952 45.525124
2.859476 45.525135
2.859437 45.525145
2.859405 45.525148
2.859374 45.525162
2.85935 45.52516
2.859326 45.525157
2.85931 45.525142
2.859302 45.52513
2.85927 45.525114
2.859243 45.525108
2.85921 45.525113
2.859161 45.525098
2.859113 45.525085
2.859096 45.525063
2.859018 45.525043
2.858978 45.525017
2.858962 45.525005
2.858963 45.524988
2.858963 45.524962
2.858957 45.524937
2.858942 45.524924
2.858914 45.524916
2.85889 45.524914
2.858867 45.524911
2.858833 45.524894
2.858788 45.524863
2.858777 45.524847
2.858776 45.524833
2.858762 45.524818
2.858739 45.524807
2.85871 45.524806
2.858686 45.524793
2.85863 45.524791
2.858579 45.524787
2.858551 45.524772
2.858525 45.52475
2.858476 45.524733
2.858319 45.524749
2.858243 45.524741
2.858154 45.52469
2.858082 45.524629
2.858004 45.524584
2.857994 45.52456
2.857971 45.524539
2.857919 45.524543
2.857884 45.52456
2.857874 45.524579
2.857883 45.524607
2.857877 45.524628
2.857858 45.524635
2.857758 45.524625
2.857697 45.524613
2.857632 45.524597
2.857585 45.524601
2.857573 45.524619
2.857548 45.524653
2.857526 45.524654
2.857488 45.524643
2.857436 45.524622
2.857401 45.524637
2.857356 45.524653
2.857309 45.524654
2.857273 45.524644
2.857249 45.524622
2.85723 45.524597
2.8572 45.524565
2.857166 45.524549
2.857121 45.524539
2.85705 45.524546
2.857001 45.524562
2.856965 45.524554
2.856936 45.524526
2.85692 45.5245
2.856861 45.524483
2.85683 45.524479
2.856778 45.524477
2.856761 45.524464
2.856724 45.52444
2.856712 45.524408
2.856686 45.524383
2.856641 45.52439
2.856621 45.524408
2.856612 45.524428
2.856572 45.524439
2.856541 45.524436
2.856496 45.524425
2.856461 45.52442
2.856435 45.524426
2.856416 45.524449
2.856402 45.52446
2.856349 45.524482
2.856295 45.524478
2.856265 45.524467
2.856248 45.524445
2.856214 45.524404
2.856177 45.524384
2.856141 45.524378
2.856082 45.524372
2.856034 45.524376
2.856002 45.524388
2.855959 45.524389
2.855937 45.524379
2.855921 45.524354
2.855911 45.524322
2.85589 45.524309
2.855862 45.524311
2.85581 45.524318
2.85576 45.524327
2.855708 45.524343
2.855677 45.524332
2.855627 45.524306
2.85559 45.524308
2.855557 45.524317
2.855532 45.524308
2.855523 45.524283
2.855511 45.524259
2.855481 45.524256
2.855387 45.524237
2.855332 45.524235
2.855258 45.524234
2.855203 45.524217
2.855125 45.524196
2.855054 45.524207
2.854974 45.524197
2.854883 45.524167
2.854821 45.524122
2.854737 45.524082
2.854637 45.524061
2.854511 45.524055
2.854438 45.524059
2.854375 45.524054
2.854325 45.524051
2.854238 45.52406
2.854175 45.524058
2.8541 45.524052
2.85404 45.524041
2.853973 45.524019
2.853918 45.523987
2.853858 45.523952
2.853796 45.523897
2.853727 45.523862
2.853641 45.523854
2.853556 45.523865
2.85347 45.523851
2.853389 45.523834
2.853344 45.523811
2.85327 45.52377
2.853222 45.523727
2.853186 45.523707
2.853143 45.523686
2.853085 45.523662
2.853034 45.523641
2.852938 45.523604
2.85291 45.523588
2.852878 45.5236
2.852792 45.523616
2.852746 45.523628
2.852709 45.523634
2.852633 45.523644
2.852575 45.523651
2.852505 45.523646
2.85245 45.523637
2.852399 45.523637
2.852333 45.523634
2.852267 45.523624
2.852203 45.523594
2.852164 45.523578
2.852125 45.523578
2.852026 45.523565
2.851961 45.523537
2.85187 45.523518
2.851784 45.523489
2.851732 45.523466
2.851681 45.523437
2.85165 45.523407
2.851583 45.523387
2.851527 45.523381
2.851475 45.52338
2.851387 45.523385
2.851328 45.523396
2.851283 45.523397
2.851248 45.523385
2.851157 45.523336
2.851094 45.523318
2.851021 45.523306
2.850868 45.523259
2.850714 45.523215
2.850647 45.523219
2.850599 45.523224
2.850528 45.52323
2.850438 45.523234
2.850373 45.52323
2.850287 45.523214
2.850236 45.52321
2.850209 45.523202
2.850178 45.523188
2.850142 45.523179
2.850092 45.523179
2.85005 45.523167
2.850025 45.523148
2.849985 45.523118
2.849949 45.523086
2.849847 45.523043
2.849733 45.523009
2.849643 45.52298
2.849545 45.522919
2.849518 45.522898
2.849448 45.522789
2.849325 45.522689
2.849181 45.522525
2.84915 45.52235
2.84913 45.522238
2.848982 45.52216
2.848845 45.522102
2.848568 45.521999
2.848465 45.521983
2.84832 45.521965
2.848177 45.521989
2.84797 45.521982
2.847863 45.521989
2.84775 45.521976
2.847578 45.521932
2.84745 45.521868
2.847216 45.521698
2.846407 45.521776
2.844732 45.522298
2.844024 45.522481
2.842911 45.522431
2.842135 45.522242
2.84125 45.522128
2.840514 45.522115
2.838206 45.521928
2.837924 45.521921
2.83718 45.521896
2.837041 45.5219
2.836883 45.521865
2.83672 45.52183
2.836511 45.521776
2.836378 45.521728
2.836279 45.521687
2.836219 45.521633
2.836143 45.521579
2.836051 45.521532
2.835971 45.521506
2.835942 45.521501
2.835873 45.5215
2.835618 45.521375
2.835587 45.521366
2.835459 45.521329
2.835025 45.521211
2.834896 45.521182
2.834566 45.521123
2.834504 45.521112
2.834397 45.521107
2.834256 45.521071
2.834162 45.521075
2.834116 45.521083
2.834037 45.521089
2.833964 45.52109
2.833822 45.521097
2.833632 45.521106
2.833153 45.521156
2.83299 45.521174
2.832723 45.521193
2.832499 45.521197
2.832346 45.521203
2.83217 45.521218
2.832016 45.521234
2.831828 45.521274
2.831594 45.521363
2.831436 45.521413
2.83136 45.521424
2.831272 45.521393
2.831231 45.521384
2.831157 45.521379
2.830996 45.521366
2.830749 45.52135
2.830748 45.521328
2.830654 45.521327
2.830598 45.521331
2.830554 45.521337
2.830382 45.521368
2.830256 45.521388
2.830226 45.521391
2.83012 45.521404
2.830109 45.521405
2.830099 45.521405
2.83003 45.52141
2.829973 45.521422
2.829851 45.521471
2.829718 45.521539
2.829673 45.521566
2.829618 45.521601
2.829557 45.521638
2.8295 45.521683
2.829427 45.521726
2.829367 45.521765
2.829366 45.521765
2.82935 45.521774
2.82928 45.521816
2.829187 45.521864
2.829091 45.521928
2.828991 45.521998
2.828903 45.52205
2.828902 45.522083
2.828884 45.522109
2.828882 45.522109
2.828787 45.522185
2.828724 45.522226
2.8287 45.522255
2.828651 45.52227
2.828508 45.522289
2.828407 45.522307
2.828318 45.522346
2.828294 45.522398
2.82821 45.522458
2.828089 45.52257
2.827972 45.522657
2.827883 45.522735
2.827837 45.522789
2.82772 45.522913
2.8277 45.523011
2.827686 45.523035
2.827654 45.523041
2.827512 45.523294
2.826647 45.523665
2.825882 45.524037
2.825436 45.524254
2.824991 45.524539
2.82435 45.524948
2.823564 45.525599
2.823166 45.525928
2.820872 45.521428
2.820872 45.521428
2.82987128 45.521428
2.820872 45.521428
2.820872 45.5304273
