3.429444 44.241111
3.436944 44.241944
3.438611 44.246667
3.442778 44.247778
3.446944 44.249444
3.449167 44.253611
3.455556 44.251944
3.463333 44.2525
3.463889 44.257222
3.473056 44.253056
3.482222 44.258611
3.479444 44.264444
3.483611 44.266389
3.483333 44.271111
3.481389 44.278611
3.483333 44.283056
3.488056 44.287778
3.498889 44.291944
3.508611 44.295556
3.516944 44.293611
3.522222 44.290278
3.527778 44.293333
3.532778 44.299167
3.543611 44.3
3.554444 44.298611
3.554722 44.303333
3.5475 44.309167
3.551111 44.311667
3.557778 44.313611
3.567778 44.327778
3.572778 44.326944
3.576944 44.322778
3.585556 44.315278
3.584722 44.310278
3.586389 44.300556
3.588611 44.296389
3.585 44.294444
3.584722 44.291389
3.580278 44.290278
3.576389 44.286944
3.575833 44.281667
3.575556 44.277222
3.571944 44.273056
3.569722 44.269444
3.567778 44.265833
3.571111 44.261944
3.568611 44.259444
3.567778 44.255278
3.568333 44.250278
3.565556 44.246389
3.56 44.247222
3.551389 44.244444
3.551389 44.237778
3.553889 44.233056
3.55 44.231111
3.545278 44.2275
3.539444 44.224722
3.531944 44.221944
3.525278 44.219722
3.521111 44.215833
3.515278 44.212222
3.515556 44.206667
3.520556 44.205833
3.523056 44.202222
3.526111 44.203889
3.537778 44.209722
3.543056 44.208056
3.543611 44.211111
3.548611 44.210556
3.553611 44.209167
3.558056 44.205833
3.561389 44.206944
3.564444 44.209167
3.571389 44.208333
3.576944 44.207222
3.575556 44.203333
3.576389 44.201389
3.581111 44.200833
3.584722 44.202778
3.588056 44.200278
3.593056 44.197778
3.598056 44.196389
3.601111 44.198611
3.600278 44.201667
3.602778 44.207222
3.596111 44.211111
3.596389 44.218056
3.596111 44.224167
3.596389 44.227222
3.601389 44.231111
3.592778 44.233611
3.588611 44.238056
3.592222 44.241389
3.595556 44.245833
3.595 44.251944
3.598056 44.255278
3.5975 44.262222
3.603611 44.263056
3.6075 44.258611
3.614722 44.26
3.617778 44.264167
3.610556 44.269167
3.6125 44.274167
3.608056 44.278889
3.612222 44.281944
3.616389 44.278889
3.6175 44.283611
3.613889 44.286667
3.619444 44.291111
3.618056 44.295278
3.614722 44.298611
3.610556 44.3025
3.608889 44.308611
3.613889 44.305278
3.620278 44.305833
3.624444 44.305556
3.628611 44.303611
3.637222 44.297778
3.639722 44.3
3.645278 44.301944
3.650278 44.300278
3.653056 44.299167
3.655278 44.296944
3.659444 44.295278
3.662222 44.298889
3.667778 44.297222
3.674444 44.299167
3.673611 44.304167
3.677778 44.308056
3.690278 44.310556
3.695556 44.310278
3.702222 44.308611
3.708889 44.307778
3.712778 44.309167
3.708333 44.310556
3.706389 44.313333
3.703889 44.316111
3.697222 44.316944
3.700833 44.318889
3.697222 44.323056
3.691111 44.324722
3.683611 44.323611
3.672778 44.323056
3.665278 44.32
3.659444 44.321944
3.649444 44.322222
3.642778 44.319444
3.637222 44.320833
3.631111 44.324444
3.626944 44.322222
3.623056 44.317778
3.618056 44.318056
3.616944 44.320556
3.609167 44.322222
3.607222 44.325556
3.606944 44.329444
3.600278 44.330556
3.598889 44.334444
3.604167 44.338611
3.611111 44.336944
3.613056 44.343056
3.621111 44.345278
3.625278 44.347222
3.630278 44.347778
3.631389 44.351944
3.636111 44.353611
3.640556 44.354722
3.654444 44.352778
3.665 44.347222
3.674167 44.347778
3.670833 44.355833
3.671111 44.359444
3.676389 44.359722
3.682778 44.361111
3.688056 44.362778
3.694167 44.362222
3.7 44.364444
3.706944 44.363056
3.712222 44.359444
3.719444 44.358611
3.722778 44.358611
3.725278 44.359722
3.733889 44.360278
3.741111 44.358333
3.751111 44.360833
3.7575 44.359167
3.764444 44.359444
3.768889 44.357222
3.772778 44.358611
3.778611 44.354722
3.784167 44.350278
3.79 44.346944
3.794444 44.347222
3.798056 44.341944
3.803611 44.3425
3.805278 44.347222
3.8025 44.35
3.801389 44.354722
3.8 44.352778
3.794722 44.357222
3.789167 44.357778
3.782222 44.357778
3.774444 44.361944
3.774167 44.365278
3.776389 44.368611
3.781111 44.373056
3.779722 44.375833
3.773056 44.374444
3.7725 44.368889
3.766389 44.368333
3.759444 44.367222
3.763889 44.362222
3.756944 44.363333
3.747778 44.364444
3.749444 44.370278
3.752222 44.375278
3.753611 44.382222
3.753889 44.384444
3.759167 44.3875
3.753889 44.392222
3.753056 44.398611
3.753889 44.402778
3.751944 44.406389
3.749167 44.408611
3.742778 44.409167
3.738611 44.404167
3.728889 44.401389
3.718889 44.401944
3.710278 44.403889
3.700833 44.403333
3.693611 44.402222
3.691111 44.396389
3.681944 44.396944
3.671667 44.399444
3.667778 44.400833
3.661944 44.402222
3.655833 44.404722
3.648333 44.4075
3.641389 44.412778
3.636111 44.417222
3.636111 44.422778
3.636389 44.426944
3.632222 44.429444
3.633889 44.434167
3.629444 44.433889
3.622222 44.432222
3.615 44.432778
3.606111 44.430556
3.598333 44.434167
3.596111 44.438889
3.589444 44.436944
3.584167 44.440833
3.577222 44.443889
3.573611 44.446944
3.567778 44.449722
3.574167 44.451389
3.571667 44.456111
3.574722 44.459444
3.573889 44.462222
3.575556 44.466389
3.581944 44.47
3.585278 44.474167
3.587778 44.478333
3.591389 44.479722
3.587222 44.481389
3.586111 44.483889
3.592778 44.486111
3.600278 44.483333
3.603889 44.485556
3.601111 44.486944
3.592778 44.488889
3.586111 44.491944
3.593056 44.493611
3.5975 44.497222
3.603056 44.499167
3.604722 44.500833
3.600833 44.503611
3.6 44.510278
3.608611 44.509722
3.616389 44.504722
3.621111 44.510833
3.625833 44.515556
3.631389 44.514167
3.636389 44.513333
3.641111 44.511944
3.644722 44.508056
3.646389 44.502778
3.643611 44.498056
3.651389 44.496389
3.659722 44.493611
3.666389 44.490556
3.668056 44.483611
3.662222 44.481389
3.665556 44.475833
3.661389 44.476944
3.657222 44.476111
3.659444 44.472778
3.661667 44.471667
3.667222 44.472778
3.669722 44.476111
3.671389 44.477778
3.677778 44.475556
3.684167 44.474167
3.690556 44.474167
3.686667 44.478889
3.679722 44.480278
3.683889 44.482778
3.691944 44.483333
3.698611 44.483056
3.699722 44.476111
3.696389 44.472778
3.689444 44.466389
3.682778 44.459444
3.688056 44.458056
3.701111 44.467222
3.705556 44.471944
3.712222 44.468056
3.715556 44.465556
3.720833 44.466667
3.725 44.463611
3.727778 44.459444
3.732778 44.456944
3.737778 44.452778
3.743333 44.449167
3.746389 44.450278
3.750278 44.449444
3.757778 44.450556
3.761111 44.454722
3.764444 44.458611
3.767778 44.461111
3.770556 44.466389
3.777778 44.469722
3.78 44.463611
3.782778 44.458889
3.782222 44.455
3.785556 44.453056
3.784444 44.450278
3.790278 44.452222
3.794722 44.458889
3.793889 44.465278
3.798611 44.462778
3.806111 44.4575
3.811111 44.454722
3.818333 44.451111
3.824444 44.453889
3.833889 44.458611
3.841944 44.461389
3.846667 44.465278
3.846944 44.470278
3.851111 44.471111
3.852222 44.465556
3.854722 44.454444
3.858056 44.449722
3.859167 44.445556
3.863056 44.444722
3.871389 44.446389
3.878056 44.442778
3.879722 44.443056
3.885278 44.444444
3.889722 44.446389
3.895278 44.443056
3.901111 44.441389
3.908056 44.442222
3.913889 44.435556
3.915 44.431389
3.911111 44.428333
3.910556 44.424444
3.908056 44.421111
3.907778 44.415278
3.901944 44.411389
3.894722 44.410278
3.886944 44.411111
3.880278 44.411389
3.873889 44.410833
3.864722 44.405278
3.864722 44.401389
3.873056 44.400278
3.880278 44.402222
3.888056 44.406389
3.895556 44.407778
3.904167 44.409722
3.910278 44.411944
3.913611 44.419722
3.917778 44.428889
3.919722 44.434722
3.927778 44.426111
3.934722 44.424722
3.939444 44.420278
3.934444 44.419167
3.929167 44.417222
3.935833 44.413611
3.938611 44.407778
3.934722 44.404722
3.9325 44.401111
3.926111 44.396389
3.931944 44.394167
3.937778 44.386667
3.933889 44.378611
3.934722 44.372778
3.94 44.369444
3.936389 44.363611
3.929444 44.3625
3.935278 44.356944
3.939167 44.352222
3.932778 44.347778
3.930278 44.341944
3.935 44.340278
3.941944 44.340556
3.946944 44.341389
3.951389 44.341389
3.954444 44.335
3.950556 44.334722
3.936389 44.335556
3.928889 44.336667
3.919444 44.342222
3.910278 44.346944
3.900278 44.344444
3.896944 44.340556
3.890556 44.339722
3.8875 44.3375
3.880556 44.339167
3.876111 44.336111
3.866944 44.338333
3.869722 44.335556
3.871111 44.329444
3.866111 44.325
3.871111 44.324444
3.879444 44.326111
3.885833 44.328056
3.891944 44.324444
3.899722 44.326944
3.903056 44.323056
3.906944 44.318889
3.907222 44.314722
3.911111 44.320556
3.913333 44.324444
3.920278 44.325278
3.926389 44.321667
3.920278 44.317778
3.921111 44.311389
3.923889 44.304722
3.923056 44.299167
3.9225 44.293889
3.920278 44.288333
3.915556 44.289444
3.916389 44.293333
3.91 44.294167
3.904167 44.298333
3.901944 44.298333
3.898889 44.300278
3.896389 44.296944
3.897222 44.293333
3.891111 44.293611
3.886944 44.289444
3.881389 44.293056
3.879444 44.300278
3.873611 44.302778
3.870556 44.299722
3.866389 44.3
3.863611 44.297222
3.860278 44.295278
3.856111 44.299444
3.851111 44.299722
3.849722 44.294167
3.851389 44.288611
3.854167 44.283333
3.852222 44.282778
3.847222 44.285278
3.841944 44.286667
3.833889 44.289167
3.827222 44.287222
3.820556 44.286111
3.816944 44.289722
3.813889 44.291111
3.809444 44.291944
3.806111 44.289722
3.801111 44.289722
3.797222 44.293611
3.792222 44.292222
3.783889 44.294444
3.7775 44.295833
3.777778 44.300556
3.771944 44.301389
3.769722 44.297778
3.775 44.294444
3.774167 44.290556
3.763889 44.292778
3.760833 44.296111
3.756389 44.299167
3.749167 44.299444
3.746389 44.297778
3.744722 44.294444
3.741389 44.293056
3.741111 44.289444
3.746389 44.286389
3.748333 44.283056
3.752222 44.279722
3.753889 44.276389
3.752222 44.274444
3.746389 44.273056
3.742222 44.271389
3.737222 44.273056
3.733056 44.271944
3.732222 44.275833
3.729722 44.273056
3.733611 44.27
3.737778 44.269722
3.737778 44.265556
3.743056 44.266111
3.750556 44.267222
3.758056 44.266944
3.766667 44.268611
3.776111 44.269167
3.7775 44.273056
3.779444 44.278889
3.7875 44.280833
3.791667 44.2775
3.796389 44.275
3.8 44.273889
3.804167 44.274722
3.807222 44.272222
3.811389 44.273056
3.815 44.270278
3.819722 44.269444
3.825278 44.268056
3.827778 44.266389
3.827778 44.263056
3.825278 44.259722
3.822778 44.261111
3.816111 44.263056
3.808889 44.263611
3.805278 44.261944
3.802222 44.258611
3.806944 44.255556
3.810556 44.251944
3.808611 44.248056
3.806667 44.246111
3.806389 44.242778
3.803889 44.237778
3.801111 44.233889
3.796111 44.235278
3.790278 44.238056
3.789167 44.243611
3.783056 44.243056
3.783611 44.239722
3.784722 44.235833
3.788056 44.232222
3.791389 44.229722
3.795278 44.226667
3.791389 44.222222
3.785556 44.225556
3.781111 44.222222
3.774167 44.221944
3.771389 44.226944
3.771111 44.230278
3.766944 44.229444
3.766111 44.226111
3.765278 44.221111
3.760556 44.224444
3.755556 44.226667
3.756389 44.231389
3.75 44.231111
3.748056 44.234444
3.744722 44.230278
3.741111 44.226111
3.738889 44.222222
3.731667 44.220833
3.733611 44.215556
3.740556 44.213333
3.745833 44.210833
3.747778 44.209167
3.746111 44.205556
3.744722 44.199722
3.743611 44.197222
3.7425 44.192222
3.738056 44.188889
3.731111 44.191389
3.7275 44.195278
3.721944 44.197778
3.72 44.202222
3.716944 44.204167
3.712778 44.208611
3.709167 44.208056
3.7075 44.204444
3.709167 44.199722
3.705 44.201111
3.700278 44.201389
3.696111 44.202778
3.693889 44.206111
3.690556 44.204444
3.686111 44.206111
3.683333 44.209722
3.680556 44.213889
3.681667 44.218333
3.679167 44.220833
3.676111 44.221667
3.671389 44.220278
3.669722 44.224167
3.666944 44.227222
3.6725 44.233056
3.666667 44.235278
3.669722 44.239722
3.669167 44.244722
3.671944 44.249167
3.670556 44.254444
3.662222 44.256111
3.653611 44.258333
3.646389 44.257778
3.641389 44.256944
3.638611 44.255278
3.637778 44.254444
3.640833 44.251389
3.646667 44.248889
3.650278 44.245
3.651111 44.238333
3.648056 44.234722
3.649722 44.231389
3.645556 44.230278
3.640278 44.231111
3.638611 44.228056
3.644722 44.225278
3.648056 44.221944
3.647222 44.219444
3.648056 44.216389
3.6475 44.213611
3.651389 44.213056
3.655278 44.213889
3.6575 44.210556
3.659444 44.207222
3.654167 44.207222
3.648333 44.206667
3.644722 44.204722
3.648611 44.201111
3.651389 44.196944
3.647222 44.192778
3.644722 44.196111
3.638056 44.196111
3.633056 44.193056
3.633889 44.189167
3.63 44.187778
3.625556 44.186389
3.623056 44.185
3.6225 44.181389
3.615833 44.179722
3.615278 44.176944
3.616944 44.172778
3.619444 44.170278
3.623889 44.166389
3.626944 44.163056
3.631389 44.163889
3.630556 44.158333
3.631111 44.152778
3.640833 44.150833
3.649722 44.146389
3.648611 44.143056
3.639167 44.142222
3.635833 44.134167
3.633056 44.128056
3.630556 44.121111
3.625278 44.1175
3.624444 44.111667
3.625 44.108056
3.6275 44.102778
3.6225 44.100278
3.613611 44.095278
3.606944 44.093333
3.600278 44.092778
3.596111 44.095278
3.593611 44.095556
3.588611 44.097222
3.582778 44.098056
3.581111 44.095556
3.573889 44.096667
3.573889 44.093889
3.578611 44.092778
3.581389 44.089722
3.585278 44.088333
3.588056 44.086944
3.593611 44.085278
3.595 44.081111
3.601111 44.081944
3.605278 44.084722
3.607778 44.080556
3.615 44.083333
3.62 44.076389
3.621111 44.068889
3.614444 44.065278
3.605556 44.063889
3.605 44.055278
3.606111 44.050278
3.605556 44.048056
3.6 44.049444
3.596389 44.050556
3.593056 44.046389
3.590556 44.048056
3.585556 44.051944
3.580556 44.048889
3.579444 44.045556
3.575556 44.041389
3.570278 44.038611
3.563333 44.040556
3.559722 44.043611
3.558889 44.048333
3.552778 44.046389
3.546944 44.039444
3.544167 44.031944
3.546944 44.028056
3.546944 44.021111
3.548056 44.015833
3.549444 44.01
3.550556 44.005
3.548611 44.002778
3.541389 44.003056
3.534444 44.004722
3.526389 44.003611
3.521111 44.003611
3.516389 44.007222
3.509722 44.007222
3.501944 44.005278
3.491667 44.005833
3.491389 44.010833
3.483889 44.0125
3.478056 44.010556
3.473333 44.006667
3.464722 44.003889
3.468056 43.997778
3.464722 43.995278
3.460556 43.993611
3.458056 43.992778
3.453333 43.991389
3.4525 43.99
3.446389 43.991944
3.442778 43.988611
3.439722 43.980278
3.4225 43.976667
3.416944 43.978889
3.413889 43.980556
3.415278 43.984444
3.417222 43.990556
3.424444 43.994722
3.437778 43.997778
3.446944 44.006111
3.45 44.013056
3.45 44.02
3.445556 44.028056
3.444444 44.034444
3.4475 44.037778
3.450833 44.043333
3.453056 44.047222
3.457778 44.048333
3.459722 44.048611
3.464167 44.046111
3.473333 44.048611
3.476944 44.050278
3.475556 44.055556
3.477778 44.056944
3.476111 44.060556
3.478333 44.065556
3.476667 44.070278
3.481111 44.073333
3.486111 44.075556
3.488889 44.074722
3.493611 44.077222
3.491389 44.079722
3.486667 44.080556
3.481389 44.078889
3.477778 44.080556
3.4725 44.084167
3.467222 44.083056
3.466389 44.080556
3.466667 44.0775
3.463611 44.075
3.461667 44.071111
3.456389 44.072778
3.450833 44.076389
3.445833 44.076389
3.437778 44.074722
3.430556 44.080833
3.423611 44.083333
3.418056 44.087778
3.404167 44.091667
3.406389 44.094444
3.411389 44.095556
3.415 44.100278
3.416667 44.104444
3.405556 44.11
3.407222 44.112778
3.410556 44.114722
3.415556 44.115278
3.421389 44.113611
3.425833 44.112778
3.429444 44.110278
3.431111 44.107222
3.435556 44.106111
3.431111 44.102778
3.433333 44.099167
3.439444 44.092778
3.444167 44.091944
3.449444 44.090556
3.453611 44.088889
3.457222 44.090833
3.458611 44.095556
3.459444 44.100278
3.463056 44.102778
3.467778 44.102222
3.473333 44.103056
3.481944 44.105278
3.485833 44.106944
3.488611 44.104722
3.492778 44.104444
3.4975 44.101389
3.503333 44.101389
3.501111 44.103611
3.490556 44.105556
3.496667 44.112222
3.501111 44.113056
3.500833 44.120278
3.495278 44.125278
3.486667 44.124722
3.476667 44.124722
3.475833 44.121389
3.471389 44.120278
3.464722 44.117778
3.459444 44.114167
3.453333 44.109167
3.443889 44.108056
3.437222 44.108611
3.436389 44.111111
3.440278 44.113056
3.435278 44.114722
3.437778 44.119167
3.4425 44.121944
3.438889 44.126667
3.431667 44.126389
3.429722 44.116944
3.429444 44.111944
3.426111 44.114444
3.417778 44.114722
3.415 44.116111
3.407778 44.115278
3.403333 44.111944
3.399722 44.106389
3.401389 44.100833
3.404167 44.095278
3.400278 44.091111
3.397222 44.092778
3.3975 44.097222
3.396944 44.100278
3.3975 44.102222
3.394722 44.104167
3.395556 44.107222
3.396944 44.113056
3.395278 44.118056
3.395833 44.121667
3.397222 44.121944
3.404722 44.1225
3.408333 44.127222
3.405556 44.1325
3.413611 44.135
3.412222 44.138333
3.413889 44.142778
3.41 44.146111
3.415556 44.149444
3.421389 44.151111
3.423611 44.147778
3.424444 44.151667
3.415556 44.155
3.419444 44.159722
3.420833 44.164722
3.423611 44.170278
3.426389 44.167778
3.431111 44.168889
3.436944 44.167222
3.4425 44.158056
3.444444 44.153889
3.446944 44.150556
3.448056 44.147222
3.453611 44.146111
3.457222 44.144444
3.465278 44.143889
3.468889 44.142222
3.472222 44.142778
3.474722 44.147778
3.488056 44.148333
3.487222 44.153611
3.485556 44.158333
3.488056 44.16
3.491389 44.164722
3.491111 44.170556
3.495 44.175278
3.500278 44.175556
3.498333 44.179722
3.495278 44.184444
3.496667 44.188333
3.4975 44.191944
3.503611 44.200556
3.497778 44.203056
3.488889 44.204722
3.479722 44.207222
3.473056 44.207222
3.464722 44.204167
3.465278 44.197778
3.455278 44.196111
3.4475 44.196667
3.443056 44.195
3.440278 44.190278
3.434444 44.183889
3.431111 44.180833
3.426389 44.181944
3.418056 44.190278
3.411667 44.186667
3.400278 44.189167
3.395278 44.189722
3.393889 44.195556
3.383889 44.199722
3.374167 44.200278
3.363611 44.202222
3.358889 44.2025
3.357222 44.205
3.359444 44.206389
3.363889 44.212778
3.366944 44.212778
3.367778 44.210556
3.372778 44.209722
3.371944 44.215833
3.371944 44.217778
3.371111 44.220278
3.362222 44.222778
3.378056 44.229722
3.391944 44.230278
3.400278 44.241944
3.417222 44.243611
3.423056 44.243611
3.429444 44.241111
