2.814008 45.52821
2.814046 45.528196
2.814102 45.528175
2.814417 45.528088
2.814472 45.528075
2.814635 45.528035
2.814769 45.527983
2.81483 45.527966
2.814963 45.527932
2.815068 45.527906
2.815463 45.527883
2.815661 45.52787
2.815666 45.527866
2.815666 45.52787
2.816506 45.527519
2.816552 45.527523
2.816682 45.527524
2.816812 45.527512
2.816933 45.527486
2.816976 45.527471
2.817025 45.52745
2.817053 45.527438
2.817083 45.527424
2.817133 45.527398
2.817151 45.52739
2.817225 45.527342
2.817299 45.527319
2.81738 45.527316
2.817483 45.527321
2.81754 45.527315
2.817595 45.527299
2.817619 45.527292
2.817648 45.527271
2.8178 45.527264
2.817853 45.527349
2.817857 45.52736
2.817892 45.527373
2.817938 45.527384
2.818002 45.527392
2.818103 45.527398
2.818326 45.527392
2.818437 45.527397
2.818592 45.527411
2.818702 45.527429
2.81883 45.527443
2.818949 45.527443
2.819044 45.527436
2.819165 45.527421
2.81927 45.527397
2.819434 45.527357
2.819461 45.527348
2.819548 45.527365
2.81965 45.527371
2.819901 45.527232
2.820473 45.526725
2.820849 45.526345
2.820989 45.52611
2.821072 45.52597
2.821071 45.525923
2.821071 45.525822
2.821061 45.525721
2.82104 45.525628
2.821005 45.525471
2.821646 45.52527
2.821563 45.525019
2.819602 45.519112
2.82054 45.51753
2.819864 45.514522
2.819834 45.514387
2.822097 45.514772
2.822103 45.514767
2.82217 45.514705
2.821843 45.514539
2.822236 45.514099
2.822423 45.513851
2.822607 45.513758
2.822875 45.513649
2.822916 45.513661
2.823065 45.51367
2.823191 45.513674
2.823269 45.513703
2.82342 45.513781
2.8237 45.513964
2.823956 45.514157
2.824122 45.514301
2.824236 45.514404
2.824297 45.514462
2.824407 45.514568
2.824534 45.514667
2.82468 45.514811
2.824681 45.514812
2.824694 45.514836
2.82473 45.514884
2.824759 45.514908
2.824873 45.515053
2.824881 45.515073
2.82492 45.515161
2.825037 45.515332
2.825086 45.515407
2.82519 45.515506
2.825199 45.51551
2.825313 45.515604
2.825314 45.515604
2.825382 45.515668
2.82561 45.515794
2.826007 45.515943
2.826266 45.516018
2.826524 45.516099
2.826655 45.516138
2.827049 45.516189
2.827421 45.516255
2.827452 45.51626
2.828062 45.516436
2.828539 45.516607
2.829589 45.516781
2.829746 45.51663
2.829775 45.516599
2.829957 45.516389
2.830236 45.516085
2.830439 45.515788
2.830609 45.515436
2.8307 45.515097
2.830797 45.514774
2.830817 45.514507
2.830801 45.514475
2.83073 45.514436
2.830609 45.514426
2.830579 45.514396
2.830548 45.51425
2.830542 45.514206
2.830588 45.514201
2.830643 45.514155
2.830692 45.514116
2.830774 45.514039
2.831003 45.513821
2.831571 45.513209
2.831653 45.513131
2.83169 45.513106
2.831803 45.513056
2.832169 45.512941
2.832953 45.512703
2.83366 45.512435
2.833993 45.512329
2.834237 45.512191
2.834684 45.511957
2.835383 45.511599
2.835862 45.511358
2.83656 45.511119
2.836643 45.511088
2.836872 45.51099
2.837004 45.510933
2.837069 45.510908
2.837381 45.510773
2.837856 45.510553
2.838245 45.5104
2.838401 45.510308
2.838729 45.510131
2.838815 45.51009
2.838931 45.510031
2.839122 45.50992
2.839348 45.509741
2.839542 45.509639
2.839754 45.509516
2.839844 45.509488
2.839937 45.509432
2.840096 45.50933
2.840278 45.509209
2.84037 45.509123
2.84055 45.508968
2.84062 45.508877
2.840658 45.508819
2.840682 45.508742
2.840674 45.508673
2.840649 45.508585
2.840612 45.508519
2.840566 45.508437
2.8405 45.508292
2.840443 45.508099
2.840386 45.507952
2.840278 45.507582
2.840229 45.507482
2.840187 45.507399
2.840164 45.50726
2.840135 45.507164
2.840075 45.507047
2.840031 45.506951
2.839923 45.506741
2.839905 45.50672
2.83981 45.506671
2.839728 45.506639
2.839585 45.506612
2.839389 45.506589
2.839292 45.506588
2.839124 45.506604
2.838994 45.506636
2.838803 45.506716
2.838751 45.506782
2.838668 45.506882
2.8386 45.506981
2.838497 45.507023
2.838369 45.507028
2.838277 45.507055
2.838144 45.507121
2.83795 45.507245
2.837841 45.507345
2.837733 45.507389
2.837629 45.507391
2.837555 45.507392
2.837415 45.507384
2.837349 45.507375
2.837317 45.50736
2.837247 45.50732
2.837165 45.507287
2.837092 45.507267
2.836946 45.507262
2.836861 45.507268
2.836674 45.507275
2.836506 45.507252
2.836389 45.507227
2.836146 45.507072
2.83588 45.506913
2.835593 45.506758
2.835331 45.506602
2.834945 45.506359
2.834713 45.506248
2.834509 45.506177
2.834245 45.506098
2.833755 45.505966
2.833099 45.505803
2.832645 45.505676
2.832469 45.505603
2.832088 45.505472
2.831867 45.505383
2.831587 45.505304
2.831459 45.505285
2.831188 45.505263
2.830932 45.505264
2.83058 45.505274
2.830326 45.505323
2.830088 45.505336
2.830001 45.505327
2.829832 45.505289
2.829525 45.505245
2.829068 45.505176
2.828756 45.505086
2.828441 45.504989
2.828191 45.504895
2.82786 45.504683
2.8276 45.504601
2.827196 45.504482
2.826968 45.504435
2.826949 45.504422
2.826685 45.504404
2.826481 45.504416
2.826271 45.504423
2.826127 45.504421
2.825881 45.504425
2.825679 45.504433
2.825552 45.504447
2.825398 45.504465
2.825257 45.504474
2.824919 45.504508
2.824288 45.504581
2.824112 45.504624
2.823754 45.504708
2.82367 45.504724
2.823507 45.504757
2.823339 45.504786
2.82318 45.504803
2.823033 45.504818
2.822868 45.504849
2.822722 45.504897
2.822613 45.504939
2.822519 45.504997
2.822431 45.505066
2.822382 45.5051
2.822331 45.505124
2.821826 45.505324
2.821632 45.505456
2.821394 45.505744
2.821389 45.505752
2.821368 45.505789
2.821326 45.505838
2.821291 45.505868
2.821291 45.505869
2.821289 45.505871
2.820477 45.506235
2.819947 45.506312
2.81995 45.506356
2.819948 45.506381
2.819934 45.506416
2.819926 45.506444
2.819919 45.506466
2.819905 45.506492
2.819888 45.506527
2.819833 45.50662
2.819803 45.506672
2.819792 45.506764
2.819778 45.506876
2.819857 45.507142
2.819896 45.50728
2.819901 45.507359
2.819923 45.507437
2.819919 45.507475
2.819943 45.507526
2.819943 45.507577
2.819953 45.507714
2.820006 45.507786
2.820108 45.508113
2.820174 45.508392
2.820178 45.508472
2.820171 45.508509
2.820131 45.508643
2.820117 45.508694
2.820081 45.508749
2.820029 45.508809
2.819949 45.508881
2.819887 45.508951
2.81983 45.508988
2.819718 45.509081
2.819676 45.509098
2.819681 45.509161
2.819688 45.509295
2.819684 45.509859
2.819692 45.510035
2.819696 45.510116
2.819698 45.510487
2.819693 45.510627
2.819706 45.510725
2.819683 45.510769
2.819653 45.510798
2.819573 45.510825
2.819462 45.510842
2.819316 45.510825
2.819202 45.510793
2.819092 45.510752
2.818941 45.51072
2.818813 45.510637
2.818547 45.510447
2.818316 45.51032
2.818122 45.510208
2.818023 45.510162
2.817771 45.509994
2.817534 45.509795
2.817352 45.509616
2.81718 45.509502
2.817057 45.509446
2.816792 45.509306
2.816694 45.509282
2.816667 45.509335
2.816589 45.509359
2.816503 45.509351
2.816369 45.509336
2.816147 45.50929
2.816087 45.509288
2.816005 45.509298
2.815957 45.509321
2.815902 45.509323
2.815858 45.509321
2.815796 45.509277
2.815743 45.509237
2.815687 45.509204
2.815662 45.509197
2.815642 45.509133
2.815632 45.509099
2.815603 45.509051
2.815539 45.509042
2.815447 45.509034
2.815414 45.509017
2.815354 45.508961
2.815275 45.508885
2.815206 45.508829
2.815194 45.508788
2.81517 45.508729
2.815107 45.508689
2.815014 45.508661
2.815012 45.508629
2.815044 45.508553
2.815065 45.508471
2.815092 45.508396
2.815077 45.508324
2.815063 45.508274
2.815001 45.508229
2.814984 45.508185
2.814883 45.508153
2.814874 45.508136
2.81485 45.508095
2.814816 45.508063
2.814796 45.507966
2.814792 45.50795
2.814761 45.507907
2.81478 45.507879
2.814773 45.507868
2.814704 45.507865
2.814598 45.507862
2.814582 45.507838
2.814574 45.507809
2.814556 45.50778
2.814505 45.507754
2.814463 45.507695
2.814431 45.507659
2.814391 45.507603
2.814389 45.50753
2.814353 45.507485
2.814268 45.507427
2.814233 45.507385
2.814233 45.507326
2.81421 45.5073
2.811968 45.507623
2.809707 45.50799
2.809567 45.507789
2.80945 45.507507
2.809244 45.50738
2.808779 45.507024
2.80847 45.506779
2.807965 45.506392
2.807332 45.505927
2.807106 45.505761
2.807094 45.505755
2.807065 45.505543
2.80701 45.5052
2.806971 45.50491
2.806896 45.504531
2.806839 45.504196
2.806793 45.504047
2.806498 45.503875
2.805959 45.503539
2.805742 45.503411
2.805649 45.503335
2.805613 45.503255
2.805533 45.503113
2.80546 45.503003
2.805417 45.502878
2.805168 45.502736
2.804739 45.502529
2.804503 45.502349
2.804404 45.502278
2.804329 45.502198
2.804211 45.50207
2.804176 45.50203
2.804158 45.501868
2.804042 45.501773
2.803962 45.501764
2.803847 45.501749
2.803775 45.50176
2.803723 45.50181
2.803666 45.501826
2.803593 45.501852
2.803553 45.501884
2.803504 45.501952
2.803486 45.501962
2.80348 45.502006
2.803453 45.502046
2.803308 45.502138
2.803186 45.502149
2.803164 45.502143
2.803155 45.502121
2.803088 45.502097
2.803028 45.502095
2.802885 45.502248
2.802823 45.50228
2.802767 45.502293
2.802699 45.502289
2.802601 45.502255
2.802532 45.50226
2.802512 45.502265
2.802386 45.502316
2.80229 45.502364
2.802199 45.502389
2.802104 45.502405
2.802039 45.50241
2.801921 45.502407
2.801807 45.502395
2.801538 45.502379
2.801426 45.502374
2.801372 45.502357
2.801096 45.502397
2.800822 45.50245
2.800509 45.502547
2.800251 45.502606
2.799851 45.502656
2.799628 45.50269
2.799521 45.502688
2.799458 45.502684
2.799411 45.502674
2.799371 45.502663
2.798965 45.502511
2.798776 45.50248
2.798462 45.502459
2.798248 45.502483
2.798136 45.502466
2.798046 45.502427
2.79794 45.502367
2.797803 45.502287
2.797734 45.502213
2.797652 45.502087
2.797567 45.502016
2.797515 45.501979
2.797456 45.50197
2.797407 45.502016
2.797271 45.502038
2.797149 45.50202
2.797057 45.502021
2.796941 45.501994
2.796843 45.501953
2.796755 45.501925
2.796665 45.5019
2.796624 45.501838
2.796601 45.501742
2.796557 45.501654
2.796482 45.501601
2.796405 45.501597
2.796377 45.501556
2.796339 45.501464
2.796282 45.501368
2.796303 45.501279
2.796312 45.501196
2.796261 45.501098
2.796162 45.501013
2.796119 45.500984
2.796066 45.500952
2.796001 45.500941
2.79591 45.500942
2.795855 45.500921
2.795817 45.500879
2.795814 45.500816
2.79578 45.500686
2.795733 45.500623
2.795646 45.500612
2.795559 45.50063
2.795445 45.500592
2.795357 45.500563
2.795317 45.500526
2.795285 45.500478
2.795192 45.500429
2.795126 45.500359
2.794957 45.500304
2.794187 45.499849
2.792471 45.498867
2.792367 45.498801
2.791675 45.499296
2.791649 45.499313
2.791739 45.499357
2.791715 45.499397
2.791689 45.499451
2.791667 45.499485
2.791386 45.499756
2.791172 45.500018
2.790991 45.500202
2.789913 45.499882
2.789868 45.499879
2.789743 45.499881
2.78968 45.499862
2.78959 45.499832
2.789543 45.499801
2.789519 45.499759
2.789463 45.499634
2.789388 45.499596
2.789304 45.499554
2.78929 45.499552
2.789101 45.499473
2.7888 45.499352
2.788712 45.499312
2.788569 45.499253
2.788144 45.499063
2.7879 45.498945
2.787516 45.498769
2.787052 45.499484
2.787299 45.499584
2.787264 45.49963
2.787174 45.499769
2.787092 45.499905
2.78693 45.499975
2.786745 45.499998
2.786541 45.500023
2.786228 45.500002
2.786119 45.499967
2.786036 45.499948
2.785995 45.499916
2.785929 45.49983
2.785782 45.499696
2.785629 45.499517
2.785387 45.49935
2.785337 45.499315
2.78531 45.499282
2.785172 45.499114
2.785088 45.499033
2.784943 45.498922
2.784887 45.498871
2.784663 45.498719
2.784485 45.498611
2.784312 45.49852
2.784133 45.498426
2.783886 45.498422
2.783621 45.498414
2.783212 45.498361
2.783054 45.498325
2.782825 45.498258
2.782627 45.498204
2.782437 45.49815
2.782069 45.498028
2.781967 45.49798
2.781941 45.497982
2.781942 45.498027
2.78195 45.498169
2.782011 45.498216
2.78212 45.4983
2.782159 45.498352
2.782251 45.498455
2.782528 45.498581
2.782664 45.498672
2.782875 45.498843
2.782935 45.498909
2.783029 45.499003
2.783052 45.499079
2.78311 45.499134
2.783257 45.49929
2.783361 45.499406
2.783465 45.499473
2.783625 45.499518
2.78376 45.499524
2.783807 45.499527
2.783786 45.499632
2.783706 45.499758
2.783578 45.499973
2.783565 45.500015
2.783558 45.500036
2.783194 45.500084
2.783007 45.500104
2.78283 45.500122
2.782516 45.500132
2.78232 45.500133
2.782216 45.500138
2.781903 45.500162
2.781687 45.500182
2.781711 45.500236
2.781764 45.500292
2.781805 45.500334
2.781866 45.500375
2.782083 45.500561
2.782101 45.500631
2.782091 45.500696
2.782042 45.500763
2.782002 45.500857
2.782054 45.50088
2.782125 45.500884
2.782274 45.500864
2.782481 45.500875
2.782503 45.500896
2.782501 45.50097
2.782458 45.501036
2.782435 45.50116
2.782464 45.501299
2.780971 45.501504
2.780829 45.501682
2.780514 45.502047
2.779855 45.501865
2.779456 45.501777
2.778366 45.501489
2.778061 45.501417
2.777682 45.501326
2.777145 45.501176
2.77672 45.501039
2.776486 45.50096
2.776206 45.500864
2.77574 45.500663
2.775601 45.500612
2.77515 45.500425
2.775004 45.500372
2.77489 45.500315
2.774602 45.500218
2.77404 45.500343
2.773601 45.500438
2.773402 45.500476
2.773032 45.500566
2.772748 45.500608
2.7721 45.500793
2.771871 45.500856
2.77126 45.500941
2.771184 45.500926
2.771047 45.500914
2.770556 45.500925
2.770015 45.500963
2.769954 45.500926
2.769844 45.50084
2.769723 45.500805
2.769605 45.500772
2.769493 45.500707
2.769286 45.500607
2.769123 45.500538
2.769044 45.500497
2.768751 45.500372
2.768546 45.500206
2.768415 45.500088
2.768388 45.500022
2.768381 45.499959
2.768329 45.499941
2.76824 45.499843
2.768148 45.499829
2.768098 45.499854
2.768024 45.49981
2.767909 45.499726
2.767614 45.499531
2.767525 45.499489
2.767368 45.499347
2.767287 45.499259
2.767237 45.499164
2.76705 45.499042
2.766782 45.498886
2.766474 45.498697
2.766251 45.498555
2.76617 45.498526
2.766044 45.498415
2.766092 45.498318
2.766168 45.498096
2.766285 45.497858
2.766341 45.497701
2.766501 45.497221
2.766339 45.497124
2.766093 45.496961
2.765505 45.49673
2.765226 45.496654
2.764974 45.496521
2.764466 45.496318
2.76432 45.496256
2.763871 45.49611
2.763412 45.495913
2.763222 45.495829
2.762919 45.495578
2.761325 45.495599
2.761118 45.495653
2.760886 45.495699
2.760734 45.495701
2.760596 45.495686
2.760322 45.495642
2.759986 45.495669
2.759656 45.495695
2.759351 45.49575
2.758923 45.495795
2.757305 45.495784
2.757115 45.495677
2.756965 45.495585
2.756889 45.495625
2.756827 45.49564
2.756726 45.49565
2.756637 45.495645
2.756299 45.495619
2.756141 45.495615
2.755788 45.495592
2.755498 45.495575
2.755426 45.495569
2.755302 45.495517
2.755214 45.495455
2.755102 45.495463
2.75506 45.495497
2.75502 45.495507
2.754937 45.495527
2.754881 45.495533
2.754782 45.495531
2.754664 45.495489
2.754544 45.495432
2.754402 45.49534
2.754242 45.495236
2.75376 45.494982
2.75366 45.494939
2.753293 45.494825
2.753112 45.494753
2.752888 45.494642
2.75271 45.494509
2.752587 45.494394
2.752429 45.4943
2.752205 45.494222
2.752232 45.49417
2.752276 45.494051
2.751942 45.493891
2.751726 45.493733
2.751663 45.493619
2.752167 45.493073
2.752487 45.492894
2.752747 45.492735
2.752903 45.492631
2.753003 45.492551
2.753009 45.4925
2.753035 45.492354
2.753034 45.492208
2.753008 45.492145
2.752965 45.492112
2.752845 45.491984
2.752758 45.491929
2.752597 45.491825
2.752569 45.491821
2.752492 45.491845
2.752063 45.492088
2.751382 45.492488
2.750913 45.492754
2.750489 45.492967
2.750347 45.492857
2.750245 45.492754
2.750195 45.492621
2.750269 45.492373
2.75027 45.492339
2.750234 45.492253
2.750069 45.492109
2.749705 45.491935
2.74946 45.491888
2.749192 45.491847
2.748982 45.491772
2.748983 45.491637
2.74905 45.491493
2.749071 45.491394
2.749171 45.491251
2.749265 45.491177
2.749493 45.491023
2.749642 45.490691
2.749662 45.490353
2.749842 45.490003
2.749887 45.489785
2.749957 45.489598
2.75004 45.48929
2.750154 45.489092
2.75019 45.488897
2.750232 45.488754
2.750214 45.488559
2.750174 45.488394
2.75018 45.488337
2.750138 45.488173
2.750029 45.488005
2.749959 45.487819
2.749876 45.487661
2.749877 45.48766
2.749774 45.487579
2.749703 45.487503
2.749612 45.487348
2.749557 45.487238
2.749563 45.487191
2.749575 45.487123
2.74961 45.487051
2.749648 45.486981
2.749695 45.486909
2.749889 45.486692
2.749977 45.486573
2.750019 45.486512
2.750071 45.48642
2.750109 45.486315
2.750136 45.486104
2.750127 45.485969
2.749937 45.485644
2.749804 45.485395
2.749694 45.48525
2.749573 45.48513
2.749466 45.485028
2.749409 45.484951
2.749314 45.484864
2.749166 45.484688
2.749064 45.484587
2.749004 45.484473
2.748788 45.484437
2.748612 45.484427
2.748366 45.484383
2.748296 45.484391
2.748119 45.484402
2.747855 45.484465
2.747577 45.484482
2.747469 45.484516
2.747276 45.484562
2.747116 45.484601
2.746956 45.484616
2.746745 45.484617
2.746554 45.484589
2.746326 45.484581
2.745981 45.484595
2.745725 45.484611
2.745365 45.484609
2.745065 45.484623
2.744677 45.484706
2.744666 45.484708
2.744638 45.484733
2.744534 45.484832
2.744353 45.484903
2.744226 45.484929
2.743945 45.484933
2.743636 45.484919
2.743384 45.484932
2.743303 45.484956
2.743108 45.484992
2.742939 45.485
2.742789 45.484994
2.74265 45.484991
2.742365 45.484976
2.74231 45.484966
2.742099 45.484977
2.741893 45.484962
2.741642 45.48492
2.741481 45.484856
2.741336 45.484796
2.741213 45.484697
2.741121 45.484665
2.740952 45.484656
2.740698 45.484658
2.740531 45.484664
2.740384 45.484684
2.740284 45.484759
2.740048 45.484854
2.739922 45.484958
2.739544 45.485072
2.739378 45.485143
2.739168 45.485237
2.739052 45.485368
2.739039 45.485401
2.738995 45.485431
2.738882 45.485593
2.738844 45.48577
2.738815 45.485831
2.738794 45.485846
2.73869 45.485945
2.73868 45.485997
2.738593 45.48605
2.738525 45.486075
2.738418 45.486097
2.738366 45.486117
2.738309 45.486128
2.73825 45.486122
2.738208 45.486126
2.738157 45.486145
2.737945 45.486169
2.738015 45.486255
2.738131 45.486335
2.738239 45.486458
2.738214 45.486516
2.738061 45.486707
2.738059 45.486711
2.737991 45.486784
2.737954 45.486834
2.737816 45.486921
2.73763 45.486978
2.73758 45.486979
2.737347 45.486991
2.737057 45.486926
2.736909 45.486877
2.736698 45.48682
2.736567 45.486799
2.736565 45.4868
2.73635 45.486766
2.736212 45.486742
2.736204 45.486739
2.736137 45.486729
2.735642 45.486613
2.735227 45.486237
2.735152 45.486185
2.734878 45.485978
2.73369 45.484946
2.733164 45.484904
2.732984 45.484882
2.732728 45.484876
2.732407 45.484879
2.732289 45.484879
2.732258 45.484944
2.73213 45.484941
2.732092 45.484939
2.732103 45.485233
2.73192 45.485264
2.731457 45.485322
2.731256 45.485354
2.730657 45.485545
2.730532 45.485647
2.730034 45.486125
2.730034 45.486126
2.72977 45.486389
2.730082 45.486771
2.729863 45.486981
2.729831 45.487052
2.729827 45.487172
2.729748 45.48723
2.729694 45.487298
2.729638 45.487431
2.729627 45.487474
2.729636 45.487614
2.729696 45.487648
2.729885 45.487732
2.730062 45.487787
2.730439 45.487896
2.730639 45.487937
2.73113 45.488023
2.731428 45.488135
2.731724 45.488319
2.731743 45.488343
2.731748 45.48849
2.731729 45.488517
2.73159 45.488668
2.731535 45.488741
2.731561 45.488785
2.731586 45.488815
2.731651 45.488896
2.731775 45.488962
2.73198 45.489039
2.732134 45.489047
2.73222 45.489075
2.732251 45.489111
2.732289 45.489276
2.732301 45.48939
2.732252 45.489517
2.7322 45.489592
2.732118 45.489646
2.73193 45.489673
2.73167 45.489674
2.731419 45.489665
2.731287 45.489657
2.731124 45.489646
2.730923 45.489638
2.73057 45.489608
2.730466 45.489597
2.730711 45.489755
2.730801 45.489896
2.730875 45.490027
2.730886 45.490172
2.730619 45.490876
2.730544 45.491004
2.730104 45.491294
2.729508 45.491355
2.729184 45.491446
2.72916 45.491909
2.729163 45.491963
2.727486 45.492518
2.727762 45.4928
2.727886 45.492772
2.727987 45.492772
2.728184 45.492855
2.728327 45.492843
2.72856 45.492851
2.728732 45.492888
2.728767 45.492882
2.729073 45.492795
2.729461 45.492666
2.729563 45.492704
2.729804 45.49282
2.730451 45.492829
2.730643 45.492928
2.730755 45.492983
2.731002 45.493077
2.731222 45.493161
2.731743 45.493466
2.732314 45.493755
2.732735 45.493957
2.732896 45.494082
2.732933 45.494404
2.732963 45.494639
2.732879 45.495001
2.732935 45.495062
2.732784 45.49513
2.73275 45.495149
2.732642 45.495211
2.732586 45.495243
2.732528 45.495264
2.732314 45.495363
2.732059 45.49548
2.731846 45.495584
2.731755 45.495625
2.732446 45.496
2.732242 45.496254
2.732063 45.496593
2.731978 45.496791
2.731941 45.496894
2.731856 45.497206
2.731828 45.497396
2.731847 45.497703
2.731908 45.497678
2.732047 45.497623
2.732109 45.497606
2.732227 45.497577
2.732282 45.497566
2.732503 45.497555
2.732699 45.497584
2.732848 45.497591
2.733016 45.497633
2.734376 45.49807
2.735528 45.498463
2.737264 45.499709
2.737417 45.499867
2.73751 45.49994
2.737919 45.500167
2.738394 45.500422
2.738939 45.500639
2.739231 45.500722
2.739235 45.500725
2.739774 45.500871
2.739901 45.500887
2.740225 45.500979
2.741393 45.50138
2.741453 45.501387
2.741385 45.501703
2.741367 45.502142
2.741386 45.502416
2.74139 45.502739
2.742264 45.502608
2.743061 45.502637
2.744408 45.502732
2.745483 45.50285
2.746356 45.502916
2.747194 45.503003
2.747438 45.50301
2.748028 45.502933
2.748262 45.502882
2.748839 45.502969
2.751503 45.502993
2.751573 45.50302
2.751702 45.503041
2.751718 45.502969
2.751808 45.50274
2.751923 45.502527
2.75201 45.502391
2.752173 45.50221
2.752465 45.502323
2.752269 45.502637
2.752001 45.503068
2.75195 45.503151
2.752044 45.503123
2.752185 45.503108
2.752268 45.503106
2.752587 45.503112
2.752634 45.503116
2.752634 45.503114
2.752819 45.503129
2.753247 45.503172
2.753386 45.503172
2.753677 45.503168
2.754154 45.503158
2.754318 45.503153
2.754436 45.503149
2.75457 45.503145
2.754704 45.503138
2.754842 45.503131
2.755092 45.503117
2.755226 45.50311
2.755524 45.50311
2.755646 45.503118
2.7559 45.503144
2.756056 45.50317
2.756415 45.503262
2.7565 45.503284
2.756735 45.503326
2.756872 45.503347
2.757121 45.503369
2.757247 45.503364
2.757779 45.503362
2.758554 45.503355
2.75872 45.503362
2.758793 45.503357
2.758959 45.50334
2.759029 45.50334
2.759131 45.503352
2.759181 45.503366
2.759251 45.503398
2.7593 45.503424
2.75925 45.503415
2.759083 45.503407
2.759079 45.503408
2.75908 45.503408
2.759032 45.503416
2.758862 45.503449
2.758796 45.503514
2.758757 45.503594
2.758707 45.503711
2.758707 45.503775
2.758708 45.503854
2.758667 45.503904
2.758556 45.503947
2.758404 45.503956
2.758165 45.504013
2.758349 45.504187
2.758467 45.504323
2.758512 45.504349
2.759393 45.504258
2.760443 45.50411
2.760532 45.504024
2.760942 45.503839
2.761081 45.503768
2.761903 45.503686
2.76236 45.503728
2.762436 45.503737
2.762395 45.50377
2.762367 45.503981
2.762336 45.504259
2.762369 45.5044
2.762449 45.5046
2.762744 45.505142
2.762742 45.505205
2.762758 45.50558
2.762979 45.506079
2.763049 45.506267
2.763205 45.506478
2.763262 45.506585
2.763329 45.506823
2.763321 45.507018
2.76346 45.507153
2.763655 45.507296
2.763699 45.507355
2.763545 45.507571
2.763512 45.507625
2.763272 45.507923
2.763149 45.507991
2.763156 45.508035
2.763103 45.508243
2.763067 45.508387
2.76303 45.50855
2.76305 45.508648
2.763065 45.508692
2.763119 45.508776
2.763307 45.508852
2.763446 45.508889
2.76355 45.508902
2.763696 45.508903
2.763814 45.508908
2.764038 45.50896
2.764137 45.508992
2.764327 45.50911
2.764566 45.509248
2.764604 45.509306
2.76462 45.509427
2.7646 45.509538
2.764549 45.509725
2.764549 45.509826
2.764584 45.510038
2.764598 45.510154
2.764663 45.510234
2.764738 45.510272
2.764865 45.510319
2.764999 45.510345
2.765596 45.510464
2.766012 45.510546
2.766386 45.510636
2.766705 45.510708
2.766794 45.510727
2.766858 45.510743
2.766866 45.510751
2.766903 45.510792
2.767066 45.510936
2.76722 45.511031
2.767348 45.51108
2.767556 45.511135
2.767685 45.51118
2.767849 45.51124
2.767976 45.511282
2.768405 45.511433
2.768568 45.511523
2.768796 45.511618
2.768866 45.511651
2.769048 45.51174
2.769057 45.511795
2.769059 45.511902
2.769083 45.511963
2.769116 45.512199
2.76914 45.512294
2.76917 45.512397
2.769196 45.512467
2.769217 45.512514
2.769346 45.51253
2.769669 45.512564
2.769741 45.512562
2.769885 45.512571
2.770018 45.512579
2.770157 45.512581
2.770195 45.512605
2.770179 45.512654
2.770135 45.512712
2.77008 45.512771
2.770013 45.51286
2.769931 45.51292
2.769757 45.5131
2.769784 45.513115
2.769825 45.513132
2.76999 45.513136
2.770183 45.513125
2.770308 45.513121
2.770507 45.513093
2.770614 45.513091
2.770878 45.513004
2.770917 45.512975
2.771119 45.512876
2.771183 45.512861
2.771548 45.512935
2.77162 45.512949
2.771849 45.512995
2.772066 45.513011
2.772254 45.51301
2.772386 45.513011
2.772594 45.513016
2.772803 45.513027
2.773124 45.513041
2.773442 45.51305
2.773699 45.513067
2.773963 45.513075
2.77438 45.513024
2.774763 45.513026
2.774924 45.51305
2.775039 45.513084
2.775213 45.513127
2.775522 45.513209
2.775729 45.513226
2.775865 45.513236
2.775933 45.51322
2.775977 45.5132
2.776057 45.513209
2.776168 45.513271
2.776235 45.513365
2.776231 45.513656
2.77622 45.513849
2.77626 45.513898
2.776073 45.514003
2.775947 45.514092
2.775837 45.514194
2.77579 45.514412
2.775778 45.514473
2.775683 45.51469
2.77568 45.514698
2.775684 45.51496
2.775771 45.515626
2.775795 45.515763
2.775796 45.515764
2.775732 45.516618
2.775718 45.516769
2.775672 45.516875
2.775586 45.51699
2.775455 45.517147
2.775432 45.517179
2.775384 45.517268
2.775372 45.517304
2.775384 45.517427
2.775504 45.517694
2.775541 45.5178
2.775739 45.518206
2.775818 45.51878
2.775812 45.518866
2.77579 45.518988
2.775734 45.519127
2.775656 45.51926
2.775554 45.519359
2.775471 45.519404
2.775279 45.519495
2.775045 45.519607
2.774857 45.519739
2.774691 45.519872
2.774563 45.519942
2.774225 45.520022
2.773896 45.520087
2.773632 45.520163
2.77337 45.520277
2.772889 45.520562
2.772821 45.520589
2.772496 45.520885
2.772367 45.521016
2.772275 45.521167
2.772179 45.521294
2.772084 45.521397
2.771993 45.521472
2.77186 45.521533
2.771928 45.521603
2.771985 45.521658
2.772012 45.521717
2.772069 45.521775
2.772145 45.521836
2.772225 45.521899
2.772267 45.521918
2.772313 45.521979
2.772351 45.522016
2.772378 45.522048
2.772443 45.522077
2.772488 45.522087
2.772565 45.522178
2.772613 45.522192
2.772654 45.5227
2.77259 45.523083
2.772594 45.523099
2.77255 45.525067
2.772489 45.527154
2.772489 45.527205
2.772616 45.527247
2.772618 45.527247
2.772637 45.527255
2.773202 45.527366
2.773995 45.527586
2.77404 45.527597
2.774276 45.527671
2.774947 45.52795
2.776017 45.528212
2.77726 45.528435
2.777599 45.528387
2.778121 45.528291
2.778675 45.52819
2.779803 45.527945
2.78083 45.527656
2.781749 45.527445
2.781999 45.527357
2.782244 45.52728
2.782603 45.527109
2.782957 45.526954
2.78344 45.526707
2.783618 45.526573
2.783717 45.526296
2.783794 45.525904
2.783863 45.525828
2.784175 45.525615
2.784444 45.525478
2.785136 45.525345
2.785666 45.525365
2.786308 45.525469
2.787754 45.526002
2.788841 45.526392
2.790088 45.526731
2.791174 45.526998
2.791825 45.527164
2.792412 45.527292
2.793031 45.527408
2.793667 45.527479
2.794009 45.527543
2.794461 45.527631
2.794925 45.527718
2.795205 45.527786
2.795352 45.527836
2.795475 45.527892
2.795531 45.527978
2.795672 45.528181
2.795726 45.528287
2.795745 45.528338
2.795808 45.528666
2.79591 45.529149
2.796038 45.529656
2.796044 45.529686
2.796182 45.530166
2.79631 45.530625
2.796486 45.531054
2.796565 45.531258
2.796659 45.531352
2.796818 45.531487
2.797176 45.531681
2.797831 45.532072
2.798312 45.532218
2.798898 45.532564
2.799295 45.532759
2.799708 45.533
2.799888 45.53315
2.799877 45.533151
2.799783 45.533288
2.799754 45.533405
2.799744 45.533486
2.799711 45.533544
2.799659 45.533693
2.799596 45.533875
2.799577 45.533968
2.799557 45.534017
2.799542 45.534029
2.79953 45.534033
2.799495 45.534072
2.799478 45.534162
2.799482 45.534194
2.799492 45.534225
2.799513 45.534266
2.799528 45.534292
2.799697 45.534543
2.799785 45.53474
2.799796 45.534781
2.79975 45.53495
2.79977 45.535143
2.799909 45.535446
2.80015 45.535966
2.800296 45.536324
2.800465 45.536627
2.800584 45.536895
2.800743 45.537199
2.800767 45.537257
2.800865 45.537425
2.801114 45.537635
2.801226 45.5378
2.801398 45.538091
2.801526 45.538266
2.801597 45.538641
2.801594 45.538819
2.801749 45.538976
2.801823 45.539159
2.801862 45.539393
2.801866 45.539643
2.801838 45.539978
2.801576 45.540287
2.801286 45.540585
2.801037 45.540863
2.801082 45.541255
2.801227 45.541588
2.801405 45.541952
2.801585 45.542372
2.801859 45.542621
2.801904 45.542748
2.801907 45.542983
2.801881 45.543086
2.801786 45.543554
2.801693 45.543893
2.801542 45.544275
2.801517 45.544382
2.801568 45.544705
2.80157 45.545014
2.801235 45.545363
2.801174 45.54542
2.801088 45.545514
2.800953 45.545662
2.800684 45.545803
2.80053 45.545903
2.80048 45.546025
2.800413 45.546216
2.800299 45.546329
2.800283 45.546397
2.800286 45.546448
2.800361 45.54668
2.800388 45.546928
2.800347 45.547106
2.800347 45.547262
2.800282 45.547471
2.800174 45.54772
2.800099 45.547826
2.800134 45.547978
2.800174 45.548061
2.800324 45.548237
2.800406 45.548423
2.80038 45.548802
2.800308 45.549135
2.8005 45.549536
2.80069 45.549921
2.800728 45.550238
2.807943 45.546827
2.808249 45.54622
2.808448 45.546231
2.808751 45.546293
2.809141 45.546414
2.809538 45.546523
2.809883 45.546601
2.809909 45.546602
2.809923 45.546605
2.810026 45.546608
2.810213 45.546635
2.81043 45.546679
2.810718 45.546724
2.810805 45.546712
2.810851 45.546719
2.811028 45.546711
2.811234 45.5467
2.811404 45.546718
2.811499 45.546753
2.811587 45.546777
2.811645 45.546804
2.811729 45.546829
2.811837 45.546868
2.811923 45.546895
2.811988 45.546968
2.812048 45.547017
2.812083 45.54705
2.812108 45.547012
2.81213 45.546939
2.812144 45.546846
2.812148 45.546791
2.812145 45.54677
2.812144 45.54677
2.812117 45.546703
2.812065 45.546613
2.812016 45.546531
2.812002 45.546394
2.812002 45.546391
2.812001 45.546391
2.812008 45.545997
2.812018 45.545826
2.812018 45.545825
2.812021 45.545766
2.81204 45.545682
2.812066 45.545623
2.812132 45.545534
2.812203 45.54545
2.812237 45.545406
2.812271 45.545336
2.812298 45.545244
2.812304 45.54515
2.812291 45.545011
2.812292 45.54501
2.81229 45.545001
2.81229 45.544998
2.812289 45.544995
2.812275 45.544921
2.812275 45.544904
2.812278 45.544813
2.812272 45.544769
2.812246 45.54471
2.81222 45.544675
2.812152 45.544593
2.81206 45.544511
2.81194 45.544438
2.811867 45.544401
2.8117 45.54435
2.81156 45.544304
2.811533 45.544284
2.811463 45.544238
2.811349 45.544187
2.811215 45.544123
2.810546 45.543796
2.810183 45.543637
2.810171 45.54363
2.80966 45.543438
2.809643 45.543435
2.809485 45.543378
2.809424 45.543353
2.809354 45.543321
2.809173 45.54322
2.809076 45.543174
2.808637 45.542975
2.808603 45.542957
2.808441 45.542878
2.808343 45.542819
2.8083 45.542786
2.808301 45.542785
2.808288 45.542739
2.808279 45.542699
2.808276 45.542653
2.808279 45.542623
2.808286 45.542583
2.808293 45.542558
2.808304 45.542526
2.808314 45.542502
2.808339 45.542455
2.808366 45.542419
2.808392 45.542388
2.808427 45.542352
2.808457 45.542326
2.811423 45.542237
2.811586 45.542228
2.812856 45.542067
2.812915 45.541253
2.813496 45.537246
2.813871 45.537108
2.815053 45.536867
2.815418 45.536768
2.815956 45.536573
2.81623 45.536462
2.816297 45.536358
2.816381 45.536246
2.816445 45.536221
2.816525 45.536215
2.816592 45.53622
2.816698 45.536227
2.816794 45.536227
2.816989 45.536184
2.817128 45.536159
2.817218 45.536131
2.817411 45.536048
2.817831 45.535939
2.817948 45.53588
2.817964 45.535865
2.818069 45.535774
2.818135 45.535689
2.818232 45.5356
2.818267 45.535548
2.818319 45.535448
2.818347 45.535365
2.81973 45.534751
2.821402 45.534013
2.821505 45.533866
2.821457 45.533537
2.821374 45.533354
2.821213 45.533119
2.820907 45.53277
2.8207 45.532634
2.820461 45.532475
2.820425 45.53245
2.82033 45.532365
2.820221 45.532303
2.820142 45.532275
2.820055 45.532244
2.819922 45.532207
2.819822 45.532185
2.819754 45.53217
2.819578 45.532131
2.819448 45.532103
2.819358 45.532083
2.819298 45.532073
2.818991 45.532027
2.818876 45.53201
2.818828 45.532028
2.818801 45.532057
2.818789 45.532091
2.818768 45.532178
2.818764 45.532233
2.818756 45.532261
2.818729 45.532285
2.818722 45.532322
2.818717 45.532361
2.818674 45.532421
2.818622 45.532477
2.818562 45.532549
2.818537 45.532624
2.818523 45.532666
2.818506 45.532718
2.818492 45.532765
2.81849 45.532812
2.818515 45.532855
2.818483 45.532858
2.818326 45.53287
2.818122 45.532917
2.817943 45.532983
2.817807 45.533055
2.817788 45.533071
2.817685 45.533155
2.817599 45.533254
2.817596 45.533254
2.817366 45.533177
2.81723 45.533178
2.81712 45.533172
2.816877 45.533126
2.816759 45.533087
2.816598 45.533028
2.81649 45.532996
2.816366 45.532954
2.816318 45.532922
2.816244 45.532887
2.816062 45.53278
2.815871 45.532726
2.81576 45.53268
2.81576 45.532682
2.81447 45.53273
2.814035 45.53278
2.814025 45.532771
2.813998 45.532742
2.813911 45.532688
2.813785 45.532624
2.813717 45.53261
2.813636 45.532623
2.813592 45.532641
2.813584 45.532641
2.81304 45.532674
2.812896 45.532682
2.812852 45.532102
2.812841 45.532097
2.81281 45.532077
2.812764 45.532044
2.812739 45.532019
2.812692 45.532022
2.812638 45.532015
2.812615 45.531993
2.812607 45.531952
2.812594 45.531895
2.812551 45.531858
2.812501 45.531822
2.812422 45.531761
2.812381 45.531746
2.812354 45.531737
2.812343 45.531723
2.812346 45.531704
2.812316 45.531669
2.812228 45.531631
2.812187 45.53162
2.812145 45.531626
2.812112 45.531648
2.812073 45.531625
2.812027 45.53159
2.811947 45.531563
2.811848 45.53155
2.811823 45.531489
2.811798 45.531387
2.81176 45.531278
2.811728 45.531176
2.811701 45.531148
2.811668 45.531118
2.811588 45.531092
2.811567 45.53109
2.811534 45.531088
2.811507 45.531069
2.811481 45.531063
2.811448 45.531042
2.811402 45.531017
2.811336 45.530985
2.811319 45.530972
2.811304 45.530954
2.811276 45.530915
2.811252 45.530899
2.811188 45.530867
2.811158 45.530865
2.811135 45.530857
2.811111 45.53084
2.81107 45.530814
2.811027 45.530777
2.811024 45.530758
2.810996 45.53072
2.811042 45.530697
2.811074 45.53069
2.811123 45.530653
2.811156 45.530643
2.811184 45.53062
2.81119 45.53059
2.811234 45.530565
2.81134 45.530488
2.811442 45.530415
2.81147 45.530382
2.811469 45.53035
2.811481 45.530312
2.811498 45.5303
2.811505 45.530274
2.811556 45.530189
2.811591 45.530113
2.811595 45.530045
2.811605 45.530017
2.811607 45.530003
2.811618 45.529997
2.811731 45.52993
2.811791 45.529895
2.811858 45.529868
2.811987 45.529781
2.812169 45.529654
2.812171 45.529636
2.812183 45.529587
2.812192 45.529553
2.812183 45.529537
2.812198 45.529509
2.812221 45.529499
2.812269 45.52948
2.812372 45.529449
2.812521 45.52941
2.812667 45.529363
2.812812 45.529301
2.812891 45.529259
2.812905 45.529209
2.812911 45.529167
2.812923 45.529111
2.812952 45.529042
2.813029 45.528951
2.813132 45.528852
2.813208 45.528796
2.813332 45.528706
2.813299 45.528688
2.813265 45.528679
2.813215 45.528709
2.813139 45.528652
2.813188 45.528616
2.8132 45.52862
2.813287 45.52862
2.813381 45.528606
2.813471 45.528577
2.813476 45.52858
2.813482 45.52858
2.813499 45.528577
2.813521 45.528574
2.813587 45.528547
2.813649 45.528513
2.813713 45.528464
2.81375 45.528382
2.813794 45.528328
2.813829 45.528292
2.813933 45.528238
2.813989 45.528217
2.814008 45.52821
2.814008 45.52821
2.82300728 45.52821
2.814008 45.52821
2.814008 45.5372093
