#ville;lon,lat;a,m,j;alt,xy,z;zone a,zone b;
vichy;3.4203712,46.1239268;2024,3,31;1400,400,75;-;
vichy;3.4203712,46.1239268;2024,3,31;1650,400,75;-;
vichy;3.4203712,46.1239268;2024,3,31;1900,400,75;-;

512;3.106038,45.64033;2024,3,31;900,100,75;-;
512;3.106038,45.64033;2024,3,31;900,500,75;-;

corent;3.19508,45.667715;2024,3,31;700,100,75;-;
corent;3.19508,45.667715;2024,3,31;700,1500,75;-;

anzat;3.040063,45.330497;2024,3,31;1500,3500,75;R 368 B;
anzat;3.040063,45.330497;2024,3,31;1500,3500,75;-;

murol;2.9426341,45.5738254;2024,3,31;1500,500,75;R 368 B;
murol;2.9426341,45.5738254;2024,3,31;1500,500,75;-;

pdd;2.96898,45.773785;2024,3,31;1500,500,75;R 368 B;
pdd;2.96898,45.773785;2024,3,31;1500,3500,75;R 368 B;
pdd;2.96898,45.773785;2024,2,24;1500,500,75;-;
pdd;2.96898,45.773785;2024,3,29;1500,500,75;-;

etro;3.221563,46.219421;2024,3,31;1500,500,75;-;

job;3.745175,45.615384;2024,3,31;1500,500,75;-;
job;3.745175,45.615384;2024,2,26;1500,500,75;-;

champeix;3.131034,45.590324;2024,3,31;1500,500,75;-;
champeix;3.131034,45.590324;2024,3,31;1950,500,75;-;

saurier;3.04627,45.537966;2024,3,31;1500,5000,75;R 368 B;

clermont;3.08333,45.783329;2024,3,31;500,500,75;-;

corent;3.179634,45.660355;2024,3,31;880,200,10;-;   # corent 616m + 300 = 916m
corent;3.179634,45.660355;2024,3,31;880,200,100;-;
corent;3.179634,45.660355;2024,3,31;950,200,100;-;

sancy-zp;2.740171,45.491927;2024,3,31;1200,300,75;Chastreix;  # zp 1141m + 300 = 1441
sancy-zp;2.740171,45.491927;2024,3,31;1200,300,300;Chastreix;
sancy-zp;2.740171,45.491927;2024,3,31;1500,300,200;Chastreix;
sancy-zp;2.740171,45.491927;2024,3,31;1500,300,10;Chastreix;
sancy-zp;2.740171,45.491927;2024,3,31;2550,500,75;Chastreix;
sancy-zp;2.740171,45.491927;2024,3,31;3000,500,75;Chastreix;

sancy-chastreix-pail;2.825,45.51;2024,07,14;1710,10,10;-;
sancy-chastreix-pail;2.825,45.51;2024,07,14;1710,10,10;Chastreix;
sancy-chaudefour;2.852,45.54;2024,07,14;1180,10,10;-;

sancy-pail;2.825,45.51;2024,07,14;1900,10,10;-;
sancy-pail;2.825,45.51;2024,07,14;1900,10,10;R 368 B;

olby-pdd;2.867482,45.745158;2025,8,8;1500,50,50;R 368 B
olby-pdd;2.867482,45.745158;2025,8,8;1500,50,50;
