# nom alti lat lon
home-reel    256     46.122511072925704   3.4050107002258305    # terrain chez moi
vernet-att   368     46.10101581054151    3.454180955886841

etroussat    325     46.22123676883628    3.19840282201767

pdd-taille   903     45.77318067652635    2.9852771759033208
pdd-ceyssa   1011    45.76425978657644    2.9472541809082036
pdd-lascha   939     45.747387022763235   2.972681522369385

corent-sud   362     45.64608830455222    3.1817007064819336

512-attero   543     45.63440145501449    3.1270051002502446

st-rom-vey   336     45.678623107627864   3.208093643188477
st-rom-mar   334     45.66970959739433    3.222298622131348

loge-des-g   679     46.0088557825459     3.7651669979095463

cherier-at   520     45.9876              3.9445

pail-att-b   1367    45.49812             2.82271
pail-att-s   1287    45.503415            2.852121

angle-at-c   1436    45.563444            2.830642
angle-ferm   1260    45.5756              2.8183
angle-mono   1114    45.5551              2.8689

tache-att    1399    45.596666            2.849594

valb-att-f   764     45.4777              2.9913
valb-att-v   812     45.4596              2.9873

job-att      645     45.6178              3.7443
ambert-att   564     45.5872              3.7509

millau-p     360     44.1169              3.0886      

md-offi     1145     45.5604              2.8135
md-gros-o    900     45.5901              2.7691
md_gros-p    907     45.5927              2.7652

st-pierre    676     45.5311              3.0025

chambon      890     45.5682              2.8962

saurier-vi   555      45.538              3.0458
saurier-ca   449      45.5411             3.0519

pic-ysson    668      45.5159             3.1433

st-victor    288      46.3820             2.6302

